13425
1140
37236
54302
55277
13851
3736
14930
52314
40322
30162
9858
61098
10842
3386
5988
22623
37352
3288
57814
1744
48254
23213
58932
9214
23033
9601
1102
56962
57136
6977
61930
56629
8169
48092
917
26156
5491
63831
29608
26345
19083
24044
20375
61669
41121
5251
11499
36836
42705
7916
46933
39692
63300
20504
20084
25609
21807
37604
24611
7080
14576
23524
35026
26072
5891
27210
30502
7681
17563
32385
44975
58172
42369
63579
31482
47250
17681
10562
5477
7852
46056
6016
51322
51163
8297
32600
27714
30979
29762
57570
51820
3924
49742
39117
49683
55823
47535
51022
16626
52933
47792
63248
6971
61743
36589
14932
18302
48251
35990
21656
51729
3129
25445
44173
28531
15376
49184
35144
26586
22727
7003
39544
51913
24071
52733
16962
41658
27708
24758
61580
15576
11172
57107
57342
27088
20921
12133
32229
40454
9921
54907
33614
14078
27577
57015
11595
41856
39744
37643
4356
9366
44062
53758
63864
53827
12651
1965
22529
5099
48166
33679
53444
38467
17893
21845
19129
61957
63008
8057
17214
48632
62024
48635
47900
16014
18864
16375
31509
40433
60927
754
65388
11040
45970
17542
1351
16252
38196
12833
43004
23356
12922
46105
2686
39344
40045
5329
9583
40965
64710
6720
1366
44506
63643
9995
32808
40813
25244
6921
46451
29174
39349
28857
31265
21654
58348
18828
7688
60647
54353
26932
60604
57978
27599
321
33900
9276
19838
53219
41983
9409
48497
29934
40871
30393
11048
55160
9338
58972
51477
4123
9871
44046
5561
29146
14713
41842
41943
37181
53308
592
62020
63267
31802
30070
9256
19454
17868
32149
1538
10748
46499
52089
44117
35060
53013
25
22036
42561
821
1987
4090
17281
19184
39594
65012
12353
31874
32776
1357
23069
20067
10856
16812
5328
12165
63930
56091
58740
48712
14491
51179
54384
29367
61514
53553
34147
4131
26582
20312
26765
139
38370
34919
10140
43771
11769
63771
12546
7932
446
60258
18725
18720
41509
42159
65239
40835
21108
62976
13698
45084
24898
8530
53125
19845
23635
958
6596
28196
56319
55284
59169
34175
60383
10390
2345
5385
45248
18075
42214
46953
31984
64052
65222
38927
21620
51825
31939
44814
38205
31790
57220
48169
19879
25589
16134
22731
41192
64003
34632
63021
27119
49077
3356
24783
16889
2265
28741
27427
22110
29496
53069
7843
1120
36558
22693
48884
38068
22329
62594
9159
27051
59380
2062
32532
57148
26584
41185
37329
4287
53273
50555
6299
46794
9058
40163
33849
25554
17480
46971
19000
32710
463
11945
30068
17010
26359
22900
41097
12041
16829
19421
39938
13327
25956
4496
9232
12517
54824
20027
56284
60792
11651
17390
19229
24624
17986
35028
45436
26914
56905
54971
32697
39010
42228
1546
53580
35323
20523
18927
12072
17519
44620
59976
5381
60181
8535
4910
60699
35548
62543
28616
17691
51851
17468
18448
32700
28819
55405
11508
53314
41470
34330
54321
9877
26184
47052
53530
25563
3447
33149
34657
59203
50826
10047
43567
46264
52998
1866
53228
25959
35316
46359
36506
1645
24378
44170
25842
27844
59260
30018
35074
23026
27824
47215
6030
59397
29672
24563
17973
57452
53057
56337
20100
15076
55356
7217
25373
44652
3673
45118
14880
61751
47186
2504
15308
61306
12733
64275
35478
60644
19407
32869
41550
26737
26055
38234
24777
27521
47740
49181
5162
22821
52773
48993
10860
45097
32203
39177
13753
54465
33856
41722
62742
18643
39877
59729
16473
44449
53779
24928
43334
39854
6142
30089
33641
17917
20763
24343
33590
33840
34212
18792
29903
35436
44683
56702
35984
36939
14121
4248
49652
25416
48429
45469
46494
34162
23198
26413
46285
55300
63901
45144
15638
26739
58122
55634
61717
25802
52875
14096
22524
12750
25024
48892
34587
50722
20565
21318
10891
43726
53933
61340
52339
19416
17484
37933
398
63525
45648
32755
12358
64112
3782
37025
35258
51210
56178
58898
8294
31853
3088
62423
63314
41366
26827
50979
28647
39776
57465
9209
47854
23958
34476
12515
12224
39559
48067
13699
38174
44407
39032
41522
38712
7118
37237
30851
30057
12468
17700
5707
32891
26661
29789
45984
59070
32504
30728
1773
35213
63141
35846
12240
21785
8904
12529
37459
54372
8325
46401
61446
56611
52465
7174
58034
40028
13357
9399
59773
13028
5852
55535
17437
55591
52652
41777
57987
51242
57135
60661
54988
1309
21227
20688
63366
30225
58343
45770
14964
26998
53860
60572
45247
53318
40448
30277
58170
26555
23147
58139
58334
15994
48431
12817
6385
43658
49525
54231
21631
29694
24986
30247
22926
38005
61590
5699
19700
48675
17188
36284
36665
31234
25741
5101
15732
28128
62657
37425
57517
53079
16456
43742
56174
18670
29665
33504
13263
63605
16600
50092
59988
45211
13673
31804
62228
53278
32032
61087
21125
20319
47980
64791
10364
16193
54598
8399
34556
45836
19733
14492
60744
14734
24307
8869
11741
52023
9620
49149
18071
5130
48391
21093
30322
39196
61206
44617
19301
1192
24085
42853
19751
12771
59439
53640
61547
12647
47324
53397
14076
40786
44647
38304
33291
52855
3014
29603
28816
25929
37227
1894
37278
16638
63179
27842
8527
51932
48214
2920
49372
2405
2080
422
9596
32266
12574
18402
53766
40047
28072
8508
23642
52466
6686
43659
64068
25238
23138
27320
47730
7043
14447
55114
34735
64424
2706
54848
27854
32634
41186
48886
40953
28903
16680
56257
45475
63824
57702
41799
26780
38958
39567
47917
3383
6737
21330
37744
39144
7773
29615
58577
37667
20143
21888
30158
9939
63392
9584
17226
13820
32534
50605
5565
64712
57536
15512
33684
60234
672
41225
12636
7070
3151
37323
48970
36948
18462
46055
60042
49129
14781
44019
49858
26172
26471
46148
55638
19911
31578
47010
59423
26316
38530
55034
50032
12709
8236
55983
56796
23968
62730
6880
23959
2446
29805
31915
4371
52274
9133
524
25764
56836
56465
46368
62074
19755
4540
56887
8420
52285
8686
58564
4800
51507
61616
41013
56142
33716
16615
47447
19972
17439
48159
2997
23266
34102
48573
28262
5080
47770
37498
5821
55121
62957
42797
63102
29092
38478
62089
9833
54636
38171
51770
4171
3641
23531
14383
14116
49906
48381
10672
29497
22178
26214
60065
15020
61656
44061
33257
55917
389
9478
46783
5408
41281
48084
6415
27712
40541
1117
34196
27822
38934
18533
17027
43727
42392
10104
38273
61644
6834
30523
2411
3428
2305
64610
39362
65104
34837
18665
25008
44439
11235
21151
5368
48576
47309
51069
60084
9538
28133
38928
10381
10412
45506
17352
27377
16720
36098
13970
19938
22020
31869
40341
50851
20298
61532
28747
17032
34935
57480
13268
7154
3904
17391
24740
31961
56186
39019
9558
9188
2509
3930
34817
944
54243
13033
15114
54157
63195
64403
44511
23337
51146
51099
55044
22322
26105
826
13403
8774
61729
24590
48889
35004
33998
33746
4666
31905
18718
32661
21043
18648
34182
51043
59069
15029
26205
34982
2573
61293
46069
60211
39564
32822
13325
36376
14367
63356
12742
33165
54043
23633
42851
37072
50981
14570
56267
32837
13855
52800
24037
43629
64605
4524
53567
31431
15901
60688
35781
2523
39828
30065
39287
40055
59179
26719
15426
52431
1446
52415
16715
2607
34039
21717
18759
64142
6406
63584
25251
16640
9678
697
30847
25038
30937
39614
16315
42919
10598
34443
21984
43886
65330
3462
64393
8588
7281
45966
51011
20764
63904
49931
60429
15136
40630
55721
57942
54380
21652
13976
13812
38454
2424
21351
64138
34700
43524
714
30780
37818
5037
19357
4644
50499
36594
63893
22143
16216
15501
44359
54169
29153
9401
22253
32646
6867
71
36852
18905
60548
40260
34266
12037
50301
54017
20001
63175
41412
29592
30268
7696
58925
39664
65468
27406
8937
15089
20123
49901
11133
5947
24572
50657
61602
263
46147
584
28029
17554
30625
41450
6953
21369
50815
8769
63556
39494
59435
13604
6699
25722
59606
64020
28255
44517
9172
47765
63044
60863
34344
16705
59412
14057
31811
64401
18835
13784
15268
34887
21066
35772
45205
10151
9741
54239
45298
2397
1561
4849
14832
58344
9898
21036
58001
8345
16755
37155
3008
46117
64331
17744
36214
58013
22459
56539
14739
5020
26831
741
31373
47227
38339
15313
33228
30561
60670
59348
34791
28660
19813
37846
5544
27350
5697
60252
13490
29070
60414
21224
39150
37185
31555
59119
5808
56684
50367
64374
29223
6160
55609
61853
10976
21254
10516
7368
54772
35508
33327
62592
4272
26232
5748
6730
61576
6799
27805
2110
9647
32103
44389
35014
24857
52969
55619
43569
14019
13651
34335
61788
8149
30597
22343
65130
48192
26697
30205
45635
6689
29636
22658
21240
25749
3209
63587
48182
33972
12899
24082
11886
38398
10786
51229
33897
5721
32953
23675
1714
35018
16289
5109
14987
3287
30332
31275
43093
17247
5616
22423
47400
5762
64490
55685
38809
12250
63701
434
21275
7556
37240
56443
35526
61872
52350
15603
5518
24327
51779
47291
18544
6706
13886
10055
529
36348
50898
44308
33441
36017
52282
30974
41330
58869
10029
3810
10806
59884
5978
56780
40588
37691
33821
22516
49053
26961
14097
17301
22229
33468
58045
1313
53430
50363
50165
56773
49895
33264
9048
52375
25966
38773
28370
14134
48951
55720
12541
54698
23312
62174
31717
56797
60755
46143
2295
47887
21747
31441
32289
53620
35763
24919
34057
28989
9961
1165
31830
7874
37144
29504
17936
55801
25146
47053
13764
4604
36058
27661
56110
19530
31705
51759
41473
36317
11141
47434
7820
18188
8501
48649
14376
7557
60124
9966
55849
56213
55072
46315
7799
5858
15652
58542
39408
54419
50599
61221
32935
33936
26731
36781
14874
32665
49137
38365
4623
13832
8468
5833
42587
5353
27235
11909
50360
42406
1125
47109
16427
11656
42857
31529
27786
21660
29314
23402
30161
26266
3349
861
41650
21387
4186
47174
24799
43709
35622
6500
63562
14442
5334
18904
12596
54381
21741
52612
48684
42768
47738
37175
13841
57785
27868
40381
39389
44640
5140
17046
47808
29131
7660
19402
49917
55661
53413
50812
43235
16119
29064
31838
42387
11350
28435
29551
4207
8279
3448
10235
64910
55056
43489
46525
37728
27270
27942
3237
62057
23414
15674
57550
23248
37066
448
20482
48456
10525
6568
54590
24165
29984
15259
41929
59199
41891
33548
46146
56286
24502
23134
63688
30606
416
39816
64058
50151
64038
17232
6348
52853
34607
7513
64812
47472
3909
37807
35143
18050
21893
46104
39269
28433
49986
12092
16634
30093
34938
8117
13041
61002
59473
19597
52578
42257
42942
47449
45379
13353
49578
57903
58724
46239
23859
24998
6831
26705
60741
19724
17406
25786
65372
40539
39672
13177
4833
42604
51554
33269
38590
30081
14072
28083
15058
28919
60266
9198
30781
11902
49953
42573
49896
30686
58167
41440
16733
7276
7768
57898
58957
51309
57082
19613
35315
4961
60446
31550
31889
13709
34687
63863
23418
57882
47933
51013
61680
43760
13987
45007
36849
2688
15098
35376
38286
28332
26799
36329
59272
54539
44301
43966
37435
15941
41117
40052
11269
62274
42078
17356
63780
19037
10339
52507
14624
64027
6672
17424
30230
740
47300
56390
21265
3622
9795
38503
28047
20919
1977
52456
36933
41830
2641
16588
50631
55884
21354
26526
59977
29020
53146
53610
53948
14596
44586
30636
33880
20111
24595
8063
44962
27111
3300
58875
51012
22590
34389
47869
3705
61897
40378
13840
42877
38935
45352
43452
47626
15845
28627
45706
13002
57856
44078
3712
14287
10251
39051
3162
50506
418
5369
29684
54957
50840
27288
58
16394
7499
26483
4093
53419
22617
39545
27449
17931
14291
1272
22157
28238
28528
28013
43405
26851
38648
3825
56504
16961
5016
35309
26785
2572
40612
48337
39120
33824
44312
32285
42360
35884
44601
11489
34449
23042
24332
3007
59083
17298
52713
65356
24206
19926
61015
61655
10211
59331
44486
17266
12239
25889
36029
52931
38664
58537
48107
30664
43224
7491
51009
54571
49540
16332
2503
49347
58075
29369
14451
13117
56496
17453
44399
60041
1512
30155
28641
23780
14225
15911
17341
24743
5428
28326
14052
27566
6493
33806
7610
11805
6648
27054
38104
38133
27152
33526
55313
19974
32092
43830
22891
16487
48955
35304
45823
60573
31780
5853
46820
57715
12241
8610
37534
33950
11382
38148
52903
30568
24137
18573
7717
6103
24493
64208
33029
62088
45471
59033
33734
6897
27966
35619
55041
32472
23380
47858
61846
8859
62446
41408
65500
8476
39424
22527
19096
54144
4757
47458
42247
47716
59614
26545
8286
54066
21476
48002
25652
57989
33336
22609
47868
54186
64573
28727
56839
50350
12293
36482
24844
27361
8635
7778
26811
13169
9676
10609
6985
56229
38915
45225
12115
6621
38574
61432
43990
53632
20088
3518
10916
6529
30557
18910
50703
44404
61863
11878
536
13781
13258
22281
16278
59955
27700
2400
24520
60285
35859
55950
7838
21761
27768
46265
23701
49328
51137
48559
16312
54643
30617
30931
12693
42222
30833
40807
50819
21341
10170
3697
57959
1535
47019
45064
10244
28156
31681
28803
31646
27067
24380
3829
28580
56641
37171
25723
9484
17904
41361
23976
55536
5219
19281
18699
2248
45614
11132
25977
52950
26499
26974
28550
32150
34880
21535
25163
61253
30978
25585
50776
33061
28178
1726
30468
52672
37861
54676
27739
22026
41219
17058
3650
20058
949
20423
3798
48567
43549
47639
3117
18941
18305
65421
35460
20134
31840
61193
38602
8161
48024
2548
2497
48719
10423
8951
38377
18506
26794
42027
59674
63264
56398
52611
48004
24429
54179
27554
30549
34119
9314
13965
37593
50498
13376
23685
48325
40787
38288
53611
2142
60026
14724
49345
40696
38184
54406
33474
40719
25996
11173
9359
13413
39936
35528
61938
10520
30845
12391
51928
32604
25944
59686
16009
51895
49146
28916
32781
43494
57686
58538
7133
35037
10312
34711
21996
28751
39086
52017
35079
13098
14342
7403
21563
16712
50762
29810
33653
1155
48762
64642
27060
55155
18743
4443
27145
46501
62523
20878
51253
5430
34089
43267
4949
25714
14905
64810
43220
1693
8650
63951
45941
38699
22664
5222
4080
57996
21081
17686
65305
25483
2564
9063
50445
30005
54300
12052
64267
34920
37187
62557
5446
35234
21861
8357
54153
44856
50174
16055
42939
15804
43352
17756
27993
40974
20835
18330
9973
9395
22262
30751
2811
23751
23891
29813
62049
9495
46888
61677
55494
18988
53822
41217
16155
50905
62030
25710
50565
62390
27624
57025
41114
49277
18211
26020
27053
43242
10313
31813
64551
53179
54034
42592
54401
19916
41297
5107
46669
11123
35587
32577
9730
15229
20183
39059
4429
44123
58719
39792
1191
23287
64402
38324
60499
29150
58751
62723
10450
54869
56188
2786
30498
21882
12159
8332
48197
10374
17160
61840
62575
3229
60971
38282
504
2530
23272
39534
11150
43969
46787
23361
9801
64874
14810
33151
52541
44285
46233
28851
55432
22792
29437
50008
53098
34058
13895
27720
24950
29420
22022
3844
8998
25344
16742
30946
34372
43513
16120
35541
31224
26494
9301
35118
47948
62183
60415
41098
54546
33406
32971
20506
54854
59225
39783
21998
61718
53541
62801
64073
17419
13279
48772
12900
13924
7675
61351
56646
41449
33181
40150
10583
57758
58940
25303
33621
55422
46986
1615
59920
14975
5771
41011
25975
9677
367
30363
63700
6751
51380
58543
42462
1399
39723
29249
63814
48265
8102
60128
29306
40944
62720
30296
27674
47597
36240
50179
28304
53035
17588
13148
33458
23670
61663
50588
59778
61987
54861
5322
7699
41188
2231
33158
48491
57788
25505
6548
36380
44341
20401
29120
12100
50254
39453
40318
50769
45587
14495
37402
2882
49310
61086
51742
49484
30292
10599
3871
51269
47299
11355
10394
2972
24786
14692
30223
21455
58080
56620
24467
60472
21167
7500
21495
8694
10755
28877
41953
59477
56635
3195
28394
643
38077
7265
22957
41935
41643
55194
53102
51465
48998
25185
52676
30660
5185
45554
2098
28382
39307
21482
18711
40303
51462
6822
21035
42239
48298
18742
24989
44557
20110
41373
20651
24352
54088
48612
46767
52331
10656
22151
19002
56025
3811
65119
8094
14891
12855
48282
54120
49218
34094
43862
42570
64156
30144
6157
59159
1753
9611
61748
55602
10246
42852
47363
45459
60273
13071
26805
6398
20355
23130
22130
36604
2144
3959
2748
18776
26843
44831
16986
31263
12495
7912
27058
5076
43619
9480
34518
14821
32155
27381
56500
19311
60922
30431
26477
51336
50298
54594
17884
28733
23743
53926
6528
64053
55939
13500
22685
32923
1682
32839
14720
63391
54027
51618
37855
9333
2693
55759
16670
64534
62546
9221
40763
9289
19909
5689
1622
4669
39018
34722
47753
51650
19023
43167
16035
25380
10445
59305
51385
1046
40568
17780
20955
46292
18745
53882
41745
42137
56883
37004
57635
28887
7314
14931
38025
29100
614
37991
60275
33510
322
34617
27799
42271
35743
5454
41908
48603
40200
35502
19773
47548
48745
16393
43664
51205
27798
59406
49913
31527
58250
1
50844
21994
42441
56325
9866
60160
40500
15492
9709
30785
19211
44849
22006
45250
60502
14048
48891
33482
22341
16676
60564
54210
37190
30793
1719
61369
15572
41912
1912
23407
42306
24335
10479
8327
59494
5594
45241
15886
63683
50609
51028
14203
65400
39358
50784
11465
63039
44409
39464
11796
65355
39825
65436
52657
1259
29324
62555
28518
62972
18356
55506
31956
22687
33466
62448
33707
7777
7251
14393
17754
29649
23493
35251
20240
20282
14286
12903
60293
37481
21133
20064
14664
7025
61009
25668
27299
18473
29189
43212
23974
34772
7854
51243
34690
11454
36353
40955
46678
28290
49282
58660
30335
38931
38626
44947
29982
47659
53609
51039
50544
36192
25854
12621
36195
50814
41474
49212
52240
52325
50740
49515
5845
51979
37801
23588
34771
38464
53149
2162
16617
22183
39576
9136
44671
20847
33493
47669
37501
1068
13780
17877
55663
22320
36600
47703
28986
53881
23689
32380
605
52510
61757
48409
12886
54890
42629
5685
2373
4367
2568
24169
11768
33284
2602
7664
18426
38803
41549
37140
44728
16347
9171
61967
3672
15904
164
54938
43418
28057
27864
8683
13775
5681
44976
50698
49378
63792
62297
57681
39931
3633
52826
42989
60866
35477
33789
12876
52276
52952
50899
53510
20590
11313
30903
59303
39873
4773
27635
51832
56530
4140
65456
36820
30948
21325
12413
50433
15192
15249
20487
6274
8097
52685
12536
23049
11910
54658
542
8624
26919
10929
31571
15173
46367
38891
16592
21607
35265
23986
43357
59709
9661
45849
62857
49947
60618
5774
51559
32171
17339
38515
9525
29660
38693
41558
41410
32459
43803
47279
45507
39373
39864
49194
45651
55574
38774
58532
58445
64929
39451
5786
23777
25206
25470
24795
45304
659
19349
32085
62585
17014
21286
47069
31222
53727
7816
38784
39469
39624
3733
40256
60166
16694
7732
36251
30313
49098
33171
11050
7913
42457
17633
39217
13365
8021
23206
40714
28466
39570
36670
3910
61040
51340
32852
1379
46455
7682
50811
3073
18780
29178
2953
55652
28480
49023
30131
38979
50208
3317
16460
25960
62791
54851
10223
15180
11145
25279
29776
30945
42176
39124
35961
58447
26716
38249
4387
59927
60710
28455
16736
51784
45533
42749
13124
16758
43260
36603
5145
24453
33430
38319
4178
15805
20356
42909
31704
50595
60133
28865
29529
55154
56540
45929
25539
6930
250
60040
35607
34030
50048
14100
60804
65296
56833
14151
30353
64264
32178
8701
30165
60384
16209
29937
58986
46664
773
7956
22536
55615
64190
13996
50070
64322
59310
3932
4362
63557
23542
11731
6542
23318
13128
27941
59733
54657
8523
52011
12385
47565
45906
55285
4828
31985
54893
7453
25366
10695
15099
63136
27569
33847
8311
41087
32305
16960
18129
18715
51852
41727
59108
63402
5701
15581
24709
1927
44402
8116
27990
1473
45837
25169
47273
52648
34834
38866
55811
17921
62148
25262
42943
31208
54956
52260
7887
34939
16911
24421
11046
32645
32623
55893
7728
2475
23962
28520
3239
45482
38268
19166
43957
40123
35890
18516
27115
20683
63115
34886
5137
18534
58619
7607
7867
25541
5093
25466
35277
22428
16433
43702
28541
64954
57519
17417
24878
63437
63479
60895
57687
37795
24767
4394
23445
603
48544
50757
61801
1263
48923
10571
27365
17792
24680
57943
30023
9700
43839
13511
54690
12986
13042
20448
52527
30626
51381
19202
34405
8092
5024
19584
54888
40154
27626
26512
49649
13911
26068
12175
20397
43466
37107
63222
63895
4678
51083
56024
56614
42543
51880
889
20440
16077
49726
33299
64006
34343
17337
40193
46139
50415
44085
38239
18550
13888
8352
36263
52601
30438
47967
54602
6031
25124
53289
5425
21754
32849
38621
19987
21033
24706
1398
18167
47925
39842
20974
18251
59242
33656
62771
12930
18778
59038
36917
54929
15407
30420
58207
39590
62140
15041
31014
16531
21551
59153
10433
19703
50988
60491
4412
54561
42605
1188
51506
17061
36346
13249
27994
15543
51780
9125
31113
25933
21894
25434
3665
36988
40360
29943
26911
22501
5668
57930
53061
36754
1994
7679
34103
53259
54724
57983
11530
51917
20934
28749
46213
13943
12985
8114
38470
18501
8076
38831
16322
60282
32694
45355
10013
2783
16299
1513
52388
7135
22782
64997
53325
37526
32243
42814
58552
25755
35157
56817
42168
50538
20600
31459
37433
46275
42763
31988
62974
43965
13531
22012
65151
59517
12641
57214
54059
685
16835
40389
453
36021
9971
43556
42485
16083
8557
18191
4060
5735
18966
25939
44729
8927
9421
13308
41069
20962
60279
34185
13031
22364
1878
63878
51276
30129
37858
53446
36398
9226
54639
37009
60980
7039
61025
23607
8120
45695
49660
60053
24691
6566
4776
48876
52115
13747
63212
47779
17277
56891
27190
9582
47775
22484
14829
52926
25365
21137
25382
62574
40512
53290
48558
51060
18979
2211
58137
18790
65511
40796
22625
21586
26456
23240
806
16065
47103
2440
9627
54963
47910
48097
4593
40923
22462
42801
31993
60667
38592
62125
16458
64943
21966
19720
26335
54163
19646
523
19666
52884
54645
22924
63007
23991
34549
19488
37059
17447
60244
20172
27583
19540
15449
27477
31041
19741
19617
36950
30201
20958
896
36561
6860
31151
10747
18285
41340
5125
33514
33549
22577
33312
8846
58520
58330
40362
61196
19463
26500
36826
12466
8488
9841
18692
11054
35953
51195
29215
11469
8687
25370
23370
38447
32723
30407
16897
9915
52106
9233
4924
5143
57008
24200
28947
5780
23618
65484
42118
40224
40242
52117
4498
5935
40855
38598
6861
44609
27280
41642
65137
49096
19536
37555
44132
37205
48637
34029
16819
55427
28694
51112
16574
37934
45453
25583
47176
46463
1311
59051
43882
29697
57581
47239
40251
25313
62689
8560
11441
19854
13274
12214
37203
33979
60600
7868
42712
54747
54267
15537
52620
43856
61505
40254
59304
57411
23157
15828
62604
7153
61068
27500
36910
18754
26940
25162
26790
45349
33395
55457
2825
64532
41958
18371
7900
23842
44141
50271
4298
24828
11966
54084
16181
49033
25880
6790
23124
9428
55936
6577
56788
2161
2385
8166
51683
3958
29513
36064
34857
18963
14785
14990
50076
23263
28286
19287
19824
24518
18245
8704
14089
40384
55195
16838
12924
51878
4392
11773
56195
63641
2158
14590
34261
31013
42701
49581
42446
56670
43546
33161
5123
36045
61373
19885
49824
37271
36362
56964
61568
33833
25900
6615
43378
60449
9624
50046
45294
31546
11882
56612
63501
62775
13167
11066
6498
17018
22004
60533
35381
25372
39627
53129
34574
3797
23541
25141
52459
28957
28829
9605
56466
15171
7364
24410
56451
26392
11600
32676
21910
49514
39220
8842
46762
20603
33794
53073
50431
17034
33298
58708
996
20142
62095
6741
36581
36712
22829
34850
61171
35566
19310
41968
62175
40442
25599
15432
1940
17639
64367
20542
11161
17802
30769
53951
10355
42206
47355
11299
21964
43703
63736
18823
59001
3357
20271
10427
54638
2859
49838
31326
61493
10911
40605
55832
20917
12408
28317
6059
31361
49281
40633
32638
53836
40991
15374
17154
43578
45132
55994
19308
20244
3664
40221
13248
32098
57836
5897
55327
13866
50027
8712
56757
27331
29364
43282
51530
34434
45965
12195
49323
21851
55808
46405
55085
7711
25176
35378
30639
47625
22446
44743
46058
29753
62182
62321
44650
8362
54701
53058
23398
29168
37781
50495
62260
16761
18028
356
32076
39289
56461
24778
33508
24969
33059
49190
53870
62014
47464
59637
24564
20230
31195
27537
9951
119
43400
52698
47091
50234
60793
25674
11851
57668
6722
63548
18303
39354
785
1590
10269
53918
59881
43320
1307
6065
4347
44883
63020
42860
15469
40477
10185
47061
44068
3812
31665
8803
7686
45786
5746
12835
16146
29601
47621
9239
12561
18093
15102
49401
12057
53299
10471
12142
28299
32735
37322
15377
10985
11447
44523
60500
35542
3283
13615
36863
15208
55906
40734
50806
28207
11217
17680
37337
59548
19115
51483
60702
59245
57787
30455
21046
19860
13800
19187
48373
52158
39272
7520
46649
15106
27182
26412
27759
20650
11349
5959
3743
8589
60990
9831
25791
30619
20447
11192
13568
36544
47904
15049
13315
10147
55163
6039
48103
8922
40206
44124
60356
8438
6900
27471
11605
7667
46666
27002
37852
10133
43229
10959
47613
43410
43017
23562
49970
46891
28540
22044
2635
10633
13879
31657
32727
58032
4204
25962
19711
45951
64721
36627
3426
17880
24482
31162
59449
37753
7902
12492
22386
25468
7001
2126
39085
36843
1738
18109
26989
45886
59149
58860
62860
31178
64152
55673
37874
62342
56243
62531
34968
59180
43944
41701
40157
28374
11626
43393
48188
55926
9020
2949
6110
58242
27939
61478
56472
44398
9936
47495
55321
45360
11710
62832
26249
50823
27136
15574
51444
55526
57352
9807
37326
58298
59210
29536
60567
16
52532
52669
15141
50255
56923
42171
61860
46930
54411
35525
41640
