9131
7416
446
59444
5280
14596
4705
54953
4057
39114
20744
27913
47685
21224
54892
35582
20240
3963
46591
60091
19835
60808
1845
23470
62261
1150
26277
23059
12720
35239
19417
40681
52121
17972
48780
50528
22870
13562
15296
41007
2789
11515
35075
7762
56743
29339
44974
27750
23358
38083
57312
63638
27168
17028
2653
8152
2648
51783
14476
9111
12614
65279
36315
29882
56890
59022
43165
22749
29768
62406
40125
48143
11966
60906
9463
20392
29961
43317
45951
638
20051
36653
64776
41721
38780
7047
19392
9105
13828
14644
54841
44924
33400
53325
5294
65319
49460
35117
24658
51976
12738
23191
6668
45922
2726
65073
48739
46474
31403
2196
19235
20988
42190
64769
23619
41538
28116
45312
16646
39058
60413
62572
34718
48488
28903
13600
63189
41563
921
22313
12093
32642
34223
59111
47953
21025
23855
23911
34250
2847
15626
61027
53741
65077
36518
62920
13474
10346
18782
29577
13106
63609
1634
29598
65169
63660
44615
80
51080
4194
65399
17417
30196
3070
35399
15529
26518
23950
28021
3609
46260
27263
38624
41957
27443
58300
36027
5090
9890
51323
14831
7221
64327
54525
34154
19566
40139
18055
47876
23487
1739
14994
4184
30328
47120
20457
1212
44360
36599
14721
61399
25015
22097
64764
34218
14202
18809
63554
785
24372
11495
17022
4052
16285
33063
14903
930
58876
52056
22399
37074
8688
4648
29516
60797
22946
19150
35331
25911
72
20612
60809
56895
57250
42120
14774
24523
33364
15463
23367
49048
26401
39354
21619
6299
29792
30238
35002
15677
15027
41350
4491
35995
26264
29302
51179
34272
57457
62381
60699
16744
58370
42494
28951
2988
29555
16875
49987
4633
36906
5982
62776
50806
29630
22268
55634
59247
9233
49564
45544
58546
33983
1542
54360
27549
51750
62544
15753
37569
27282
8462
44582
36507
58377
41116
25094
3140
7100
49902
5133
4522
12058
45732
17815
14296
39545
64757
39725
61845
31318
59574
30494
21241
19400
53418
48859
12852
8224
5686
63131
43925
52026
52798
49072
58648
56844
23437
28447
46803
27288
15629
21167
42205
61306
24725
19667
64599
2097
40222
47271
42448
35052
63005
59796
23218
42376
64800
30586
55364
47246
39266
57827
53957
15604
40669
56646
46696
55691
1427
21819
26550
65293
21355
53300
59856
27259
50929
13753
56292
55575
3277
13110
38740
43701
44814
52672
20682
28066
53053
57477
59740
37086
63932
19888
23972
4753
22564
14094
20930
4469
25099
11154
22022
36089
34565
9874
55874
33578
35528
61546
41027
29074
33971
61944
3611
50631
36178
37920
55005
13573
60226
59827
38957
57449
22203
30986
1261
28898
40379
4989
60466
17652
50561
8517
62132
43246
4379
55608
44923
45296
56021
53937
56740
24399
62187
46622
17161
8542
64251
13227
15509
36550
3673
49290
7716
47193
23196
14423
41456
13317
55396
46528
45719
44624
39446
47252
17701
33451
41202
6880
57577
29749
24065
15934
38132
56552
1935
60443
48747
59367
34688
18571
4906
53285
1851
45263
35009
51471
6
48113
34712
51588
9515
28467
22855
1836
42809
30834
64320
41670
59866
26461
34180
9986
64621
18595
29024
26797
2061
24458
50545
12320
9757
9437
7408
24459
18952
37567
37898
65284
16565
61479
44514
51857
46694
26496
8671
58459
48352
12379
45969
47886
63551
468
64383
38327
59245
56547
16514
44479
24351
10391
722
34533
12309
49059
53433
43992
34360
6195
43338
2320
30179
45360
31783
25591
57142
13417
43002
14085
16423
45153
51726
2594
39714
43208
4086
56111
23276
23913
4852
571
60398
39634
40066
23405
60273
34254
13452
58674
2346
15706
11386
315
56486
29158
592
15408
15194
31298
18136
59471
64727
1518
63849
23694
15133
29780
37264
47850
1006
13104
1441
22263
17568
50385
39021
2037
49718
17257
26944
4248
17213
42651
31443
38290
51468
26553
16261
51890
13444
15981
4865
20504
6634
32697
25104
32693
62755
58257
51431
47580
3850
62203
61878
30075
58586
11506
9794
62204
23712
34159
20301
9090
18597
38089
56407
35932
13141
18620
11072
23650
31747
38916
26517
52543
13540
9846
24104
9398
501
18516
41678
1639
44086
22516
35697
8678
9710
18488
37408
24138
14057
59334
56835
36284
12564
63234
43339
46875
44377
6690
29492
34268
61223
58534
11668
42977
56481
5848
17750
50438
27446
48599
25648
64855
33327
47400
9081
46792
19407
11245
19846
61701
30396
14640
57317
60549
37961
22989
25392
53668
22623
8295
38377
27900
2513
12822
5789
23477
14518
57668
14102
62326
34053
11835
22519
17097
2503
22621
18858
14675
30471
20467
29994
6325
22682
59790
28294
53089
24551
33938
6447
55658
38733
53554
46279
44762
64248
7439
56609
40998
26151
23674
9959
55936
59749
52113
4602
38808
38053
36166
29446
46315
3577
9599
8066
18346
48564
17378
26369
23547
12191
43536
40197
55453
17712
1187
44023
24852
31662
60244
36059
65433
64615
12328
10243
16217
1547
21206
52708
56998
53648
49005
16769
30139
3881
33458
24821
38925
9771
63064
65474
18394
64912
50306
47994
36381
21068
32645
35812
32146
44595
34453
57465
5952
58219
32892
64539
34083
23410
52009
13449
16115
24669
29893
34598
36707
14162
32479
18271
44384
10972
64907
3488
16895
54117
21171
43712
61717
24397
41067
58689
59206
18096
37719
36730
35605
16001
64046
30330
56584
47475
11622
24883
6736
32563
46921
34276
11740
15347
38396
21690
9348
33622
3594
29860
19508
46037
10332
45644
58445
19947
44644
34732
42636
25615
33328
49869
16535
50448
18979
52458
52066
61473
56996
25579
3037
12388
49284
54798
8460
43512
6051
31957
27209
35610
44402
45762
23390
17780
1255
54203
13899
48256
18456
15624
37591
23172
55073
48337
46998
22708
39763
52374
27192
53162
16428
48713
31384
38945
19907
2007
26259
61973
34298
49114
34435
35047
35973
27278
6241
17782
16547
54015
26453
41037
56467
57099
18715
42419
63475
5700
52885
44529
26314
31810
56762
21801
16196
35306
47918
36093
46566
15273
18281
62850
34152
7589
17416
13199
18773
10724
38617
46321
63812
33864
60112
3662
26817
42400
51785
56154
45841
29236
41004
2829
15140
10682
18906
8437
33897
44877
20652
21605
36505
45080
53414
58246
44134
47803
63797
44501
45297
15697
31107
22525
41995
49191
15513
15238
20928
8916
53317
443
21322
51334
21133
16742
32875
56434
46878
40170
33242
10245
6821
23406
13094
17769
55426
35107
16788
7259
52699
34889
5643
15174
39010
27849
17072
53840
7993
55045
8486
6373
37740
46822
20887
49224
15533
5597
56837
63561
50426
56162
50216
54870
65100
48612
48851
2803
65285
2203
14621
18486
11862
13993
48915
29108
6091
10362
17868
63790
3887
60759
54027
48517
40475
18804
57920
64820
57796
53477
43405
4726
39511
65371
62368
41912
54492
3998
20190
37410
55896
60165
20232
17309
4464
27782
65412
53391
49304
11979
338
49984
12466
4979
55121
9595
32868
59292
25834
26137
56
6940
2902
867
20424
49781
39537
37033
53642
24114
65327
33106
63752
54340
17642
440
9094
8782
38984
60239
55314
54140
11141
18453
2387
51991
58644
13995
58913
59095
6237
58330
43215
51559
59650
1494
30321
1270
41619
28943
4650
45108
37504
64650
35659
50187
63045
63016
55043
13712
29313
61671
32173
42501
2577
5276
48666
45703
60006
60118
46972
9285
32627
50342
32444
43210
35641
37411
32646
47852
13300
1848
50334
17644
26755
36577
20376
8775
1696
64338
43457
48846
28532
50903
57513
60672
64042
23595
64021
14154
28193
44921
38968
35754
55603
1693
16033
3695
22221
29758
3121
30173
38974
44832
40920
14846
10229
51808
25961
3938
17912
54697
60786
33775
26107
10718
24429
4352
37597
40621
22109
55703
8502
25745
45479
18864
32840
4091
25603
23003
53235
4163
62072
955
19037
24019
60122
47002
25853
56546
22788
3099
8705
44237
9104
53036
24815
56997
41110
32554
58675
35303
13503
19090
32794
37020
27047
16562
3755
12685
42599
61984
57828
48974
55345
32731
27156
38807
49764
27150
25511
52160
45246
34281
25484
49602
31247
36600
53292
20246
57176
4109
49153
13962
17152
35279
56760
15137
35447
49216
32292
18305
62363
64736
43254
40202
7113
55252
62484
30092
10815
61328
9790
44350
18399
47469
30701
64566
2329
52576
55841
29107
52434
47658
28704
10292
52679
5475
32217
3135
9456
64722
21083
2288
26526
61945
55350
44075
61747
22960
59883
11942
37910
26153
63458
11351
34191
38093
20308
44374
6121
54072
15312
57298
7173
12789
4811
23954
39342
41474
11588
27941
46339
24703
56873
10202
46149
20610
21714
4995
55417
33992
58574
4170
64382
47257
60080
14646
62037
23017
38209
26475
19151
20668
65483
50329
50260
14503
26387
30352
25210
19981
21622
59894
11990
34194
40529
42140
55651
53797
51199
36121
64428
1505
31180
3710
2614
7176
11878
36919
16841
36595
44823
25067
36506
62815
52973
24358
54854
7576
48207
38133
25391
56424
37620
60189
21757
41624
33358
17668
54639
20677
19704
15956
47715
46456
24596
8917
20472
20168
19851
39353
13619
53196
47823
30218
47087
14714
42161
63745
8840
57635
47039
15621
19043
8953
20319
14577
6061
29129
12056
20249
8516
29697
56301
1672
49259
2496
58465
31537
12727
53700
60418
43570
20722
24201
32818
15532
35862
55003
39846
59869
45934
34624
48420
34499
41632
31877
24816
26351
54228
15061
12172
53646
19810
19325
54051
55420
53289
9440
23699
1640
19006
28901
20561
49608
26381
64073
52775
58096
52696
5113
14064
56209
46627
32774
40652
26953
3720
2698
51326
4618
29582
59014
4840
21913
33602
10784
8661
14414
306
18560
54116
28194
62018
13376
16731
21906
65416
60644
18110
27856
7090
34960
203
24577
25852
11634
2894
34455
54086
40146
55300
64254
20748
43879
15039
22546
7502
12280
35906
18861
23395
11846
27720
48945
899
25560
48548
14544
64648
1566
41668
35975
11383
11766
15601
12243
36608
23975
18159
6419
40764
28211
36661
6924
46132
7438
32991
27253
50666
28349
9824
49203
8397
60402
60231
57974
36779
52283
22480
58082
8925
6441
30407
7449
46288
5954
45662
55120
17560
54995
51304
49572
4765
10725
28438
40514
28835
64763
2083
61218
60879
16164
36352
1292
3694
23028
9288
10701
43807
46397
43885
28961
33745
45510
16856
58064
13098
18738
9448
25590
52615
8736
54218
21236
48267
14991
21744
57285
21288
36456
2674
39198
62952
48922
20511
52903
12697
3540
42089
47774
11336
17237
26450
2678
55682
55676
6776
17945
56853
7723
62981
5666
8191
50599
27550
2723
3044
52805
62599
51604
14588
17968
55842
1282
59642
9082
19900
39146
61369
30846
52592
15538
27887
40763
61621
11638
51853
5361
24482
62086
619
24862
32521
62820
54322
817
50905
59736
28357
44552
64494
5308
64786
56006
13481
15539
23819
963
39518
32488
47949
15401
40449
51039
63352
11932
7265
48065
17583
38434
29844
3654
62084
56135
43806
39291
1260
22575
24295
46326
16996
21098
25322
21694
40029
59923
52015
12134
44957
43111
21264
39655
829
46552
18360
51433
53571
22489
35549
62483
4772
12560
35392
26837
25268
20213
53194
29547
1827
57730
14775
38418
8060
63192
58861
30426
1242
31562
62369
35793
24933
39475
48013
58957
61013
36754
26740
39858
26229
9922
5672
21017
57447
16420
55545
50548
15391
3550
16848
39116
64836
49033
48058
11297
37497
59551
28265
57890
29270
2322
56512
23459
32924
61542
19840
31607
804
24360
55617
28346
48025
3948
43549
34261
2396
61741
29520
26180
30237
5989
52366
42068
52824
31773
22883
29136
8835
42039
65146
45700
63220
28577
33139
21047
31530
28186
3862
23785
22346
31051
35452
48057
643
41637
8347
2775
54154
51315
50082
33369
55298
57598
63635
34439
6987
17553
50944
14446
23182
22046
14279
19524
41277
7213
29428
801
13076
5518
23239
22107
61139
47847
58956
27623
52566
14026
10158
29013
16209
52739
48416
34675
57124
47899
7114
22867
14589
14407
11213
60440
1003
29866
7183
2977
15350
6203
33780
65163
36763
5427
55303
50019
64585
11423
64497
39687
42808
51375
3670
36458
10234
7998
38108
25817
53176
42174
47358
56239
51809
30116
60920
22055
39829
50879
47762
9764
39777
25363
14168
17763
12717
9272
2071
54464
57921
14920
46539
59362
19194
9214
25250
39510
14070
60554
22709
25595
60013
30862
25240
61491
46359
50076
62067
20042
37017
26785
17771
26170
39490
11692
20218
32834
16512
50843
35373
35670
23313
42692
44012
16931
65105
1735
31199
12914
65070
6095
61041
50628
5928
13697
50645
6950
61116
37517
53733
26814
41717
25192
46455
59185
62455
54108
42862
65338
46018
51530
62299
2135
47295
2089
21309
20611
32008
43524
54664
45048
24371
46526
33470
62417
51287
31682
61415
44696
34516
8477
63178
63227
17485
8007
27811
4350
36626
34611
40603
53785
14148
19250
40480
16035
46272
55744
54808
45923
17667
58196
53056
20398
44293
32441
4243
56872
65360
5342
16961
39401
16419
40645
22753
38176
53990
61585
48927
54269
40943
64707
36118
53357
56441
43509
65021
15932
4212
62460
17402
1861
49751
5251
28990
11368
27390
55544
11015
6832
38514
21176
56035
63500
62017
24044
19079
24047
39334
20136
25566
17005
42975
1425
36570
31091
61442
53978
5860
28805
40151
7008
53535
53208
43061
28045
41866
13972
12106
19467
19009
24578
62601
11706
9539
39497
13935
32657
45957
63
52491
65465
10081
26111
35164
25397
4034
22807
22219
42679
59564
2478
41783
52997
50670
33792
15057
24151
3698
50541
46095
60581
36621
40317
51719
56153
28278
61895
27276
56858
28143
31334
30792
36627
39491
10753
1936
8120
34468
32691
52722
28061
20134
59605
34643
16308
23638
43836
61358
21040
37339
12867
15811
48695
50312
65289
20014
49615
737
61580
24691
59581
11589
52218
25758
46858
22412
50651
31021
9770
41843
24321
27305
28543
33124
63515
2618
41263
54351
29821
16943
60876
49720
37602
53676
45792
35385
19536
9375
49497
23624
23508
42590
22687
63608
22877
11054
60486
40957
6881
43692
20073
33920
7002
46642
42002
14717
20186
53239
15778
32142
6023
49401
45894
52286
51746
43168
9426
53645
61073
21920
36393
55302
31618
38054
44132
46774
16819
26730
7261
65079
36652
19636
41081
5296
19600
37475
38605
27049
26390
32825
16009
9735
41214
7300
35763
23658
855
56082
44333
42521
14134
37161
54747
28221
57915
34315
28716
32871
19214
15480
62641
50910
37583
31114
44108
27746
35308
3603
21502
43967
30987
64760
4607
52247
40891
3610
11417
62728
36790
30514
44262
38517
23469
46816
46212
9335
12068
63775
22551
62320
5282
9265
37986
40977
37512
38250
42118
6719
44541
37946
14230
610
3772
18947
4870
28481
20306
62491
31144
42482
22027
57488
20764
22847
60173
49279
12217
16998
32335
63885
39484
47322
37606
5390
65039
59067
52655
24496
33873
22672
41219
21852
62969
33862
6849
58412
35021
45
54272
33712
42960
33491
41710
58806
41628
11833
53859
59873
53368
7566
22640
27668
62578
39177
15496
64778
21826
17517
45996
31588
17482
37464
58685
11025
18503
11925
10890
50000
4285
62389
578
24769
23733
64402
42663
63938
21643
34241
23698
51591
5800
16918
62664
46990
46764
14667
36693
40249
13530
7163
347
19673
22495
37917
4948
30359
40069
29502
47470
65340
26816
41687
32010
64861
56307
54517
23824
31002
24366
16058
33203
6645
35771
40560
38489
60716
13208
27704
61343
55562
38685
52010
4921
36316
38774
34604
24300
44006
63207
39269
35747
3485
58725
58538
50744
11043
51316
11342
15589
61893
12353
8889
10262
44683
40983
22319
44438
23604
33523
41397
43924
5500
1972
47840
30993
44126
40089
40898
40999
26127
16840
60898
7355
62404
13624
3431
35093
14545
25191
36224
37140
19501
2153
3220
29233
23128
7688
29985
22721
7344
41613
29601
30281
58592
9872
29458
25629
7640
29617
60123
24465
53891
29690
38754
27850
16179
39336
46763
17721
50530
24217
29333
8547
56706
47915
37013
26427
11
12695
3800
49197
35071
16582
5564
26047
59062
50771
35334
46538
37019
41163
34869
10824
4644
45784
53111
6829
48777
54823
27256
63800
32979
14939
38998
37798
59536
7187
52881
14093
27370
64003
11568
57026
9892
53667
56374
2279
22229
50012
10635
20955
53123
55552
11867
840
15774
55645
52737
54657
1657
22464
12706
13721
43334
22328
35918
51576
65414
13122
15843
55697
63670
53893
6687
60212
29658
27086
8987
12088
6838
27657
49816
35102
37635
23945
9786
27659
50225
3223
18404
3979
62295
19247
15882
39715
20842
40157
23513
64548
9912
14847
7713
47058
33459
15916
21002
57629
36539
47759
26289
18190
4366
42962
38919
30708
32223
57944
55176
31014
55982
21438
55823
2199
57023
50669
45935
10472
50268
24902
18633
13711
56928
43484
40626
54044
41286
19061
34202
62921
59374
41749
62555
24219
50496
39993
26768
30410
14837
44648
55782
48892
49922
8790
11073
2623
46987
10350
11328
54138
54665
58354
2783
29656
22668
10386
27934
54965
9831
4805
14723
19521
50437
35173
30159
9147
25283
32971
32424
62534
39944
53009
8668
51398
50
51001
10515
41153
9650
20769
33567
43703
9003
36914
29777
22625
24832
29822
55565
44349
42240
28941
3969
26710
30240
6522
26649
62605
54363
2434
39033
29776
60973
9321
24412
17294
15790
42662
5978
2352
30168
45346
54633
33071
12893
34214
1178
962
17519
15839
31141
56570
52274
10445
38726
34621
29996
38834
27463
15633
5790
63176
18706
5936
34017
12681
44993
1245
57541
63108
27032
27281
15365
11818
63572
35959
15466
42553
52329
8903
36956
46790
51028
63734
35454
53655
48975
26270
17069
656
64700
57857
41230
22447
22559
42715
2542
32273
35736
9523
44071
56261
48643
53170
29552
40010
11160
19938
9216
1076
18469
13791
19099
64941
14190
40177
50938
39037
38041
16977
58446
39649
736
41534
13284
43132
54084
12209
61921
13732
27117
38944
39101
48953
7249
27173
45171
6541
57986
56891
59330
49098
18704
3325
30957
28374
31631
64995
11918
60698
46327
28758
40374
9829
4148
42935
2620
33221
20332
12302
55832
49211
52166
5305
53585
52649
26823
13156
57307
10176
40967
11372
35388
36334
20282
46954
41049
27440
51589
58334
32072
29962
34836
31926
42476
31685
54131
49560
16563
61894
21945
12541
30925
57717
21935
22825
17834
22502
35874
40785
36487
47682
34330
30932
58508
40886
63272
336
43209
53163
5685
60358
4449
34641
23759
34944
33853
64822
25193
9526
6637
13226
64930
43880
53762
60572
17578
56663
16946
38368
9999
42789
38564
13171
39324
22404
55894
15452
61577
587
6390
53006
49736
58982
22233
40750
17671
36069
35952
44688
28672
55285
64992
9444
31417
3496
20749
26693
54695
60381
16394
28748
12641
11790
40211
34456
26559
18111
36353
37027
8077
23044
7432
1608
2621
42378
53350
63415
12799
60475
45004
4785
45269
57672
48091
22927
58828
24425
4357
16849
22981
12535
33973
1939
59183
28768
39424
14879
41999
19013
43733
2768
57749
13486
64809
11396
29558
20156
41803
38044
32243
26402
27793
52743
6278
40783
61948
29012
4274
37710
14269
5318
56580
18552
3617
5068
10459
36108
51137
7850
25999
19668
46730
15566
32376
62055
55140
53998
47948
30316
2782
45545
28403
46476
3400
43823
24374
40435
36694
51730
37588
39433
7584
64865
54031
47732
44351
62311
32974
27452
14988
48905
60047
30357
3600
37067
8602
319
27555
48570
55875
23586
27272
46367
23878
53738
29117
14510
12701
45962
2492
12383
20589
765
34318
61050
35100
45426
50289
35768
46657
20689
44527
4080
3652
45254
23135
14881
15503
21030
5766
63290
10059
63925
26903
56408
20932
15719
38096
63274
18428
41386
26141
12223
49198
4845
32898
44368
54064
10394
15379
44591
39294
9228
1868
46298
12313
45889
32878
4056
20806
52194
10794
57554
6402
20121
710
54546
45607
44885
62806
22617
52363
45273
17312
49565
6208
31329
46940
13970
3904
16150
50864
34702
9110
23566
29014
46893
25985
30171
40214
10133
15329
49332
10943
39196
13327
514
814
37645
44302
55046
9758
35879
20616
28983
3381
59402
52785
17277
56391
46411
22030
18659
2773
46568
64050
1646
50885
11596
52843
63469
20795
61474
50754
4597
22768
53138
22722
27978
38597
21983
7285
23226
47654
42434
11220
52989
47223
40020
48944
10491
56879
4654
29874
27109
62493
47010
59220
20196
26826
41093
27776
50154
10521
35969
9822
63077
35996
46121
23585
58581
12627
25837
25633
42387
65421
33344
52181
50401
7703
57849
62168
15042
52414
22612
24870
27208
8020
42061
39721
25129
58849
46551
63600
31305
47786
21884
9344
46338
56867
47517
49170
1765
29877
8980
1378
31848
38582
43613
62567
40713
13512
58954
12628
30689
6623
32751
43593
22924
39698
51356
24942
7872
58047
64137
64977
25915
41190
24552
134
32083
54581
7704
15906
21640
33894
21245
58746
42143
25518
51499
33661
5025
43124
61744
7092
15585
39160
56177
26690
45378
23654
23773
32046
32115
20022
9991
46230
25033
24387
58552
43291
41269
29570
53757
31112
6358
15834
28387
41054
18078
25546
22740
53363
11591
20969
7717
2835
37080
5496
29245
40937
42193
54830
32906
10759
65255
30468
7814
62932
13981
30162
21482
30573
45353
12570
23758
51023
5886
61168
54971
23334
64885
10039
27325
3990
28213
53050
64190
33072
51100
10308
31340
40630
27840
47303
26122
64610
38172
15842
9814
5172
21608
20377
62229
28832
53600
13046
26368
41925
25606
45809
26238
36847
59603
64636
6918
16897
21127
19053
18748
47913
36698
32187
6773
24183
58580
5028
37700
13174
62517
55280
52522
35247
50352
20780
15104
39962
6347
63436
61507
59753
19087
21077
43539
16438
52681
45330
40828
36750
53596
34289
35018
37889
29127
9835
13751
4327
711
16410
48791
13187
5774
6624
20725
12963
39188
24427
2533
22974
23864
9740
1987
45654
36122
38181
37306
17001
55564
11843
60943
55666
743
16578
26803
58129
51324
60233
5834
22805
31983
65217
52202
42339
63323
62970
10552
59225
46563
4481
47371
21966
20712
7007
53272
61429
16486
39299
14449
10806
35340
59624
32234
37541
48460
23189
62289
55638
19787
37173
61080
13202
42984
50172
60575
23288
53871
62051
38979
53290
44166
50873
23418
10820
1256
49047
4189
13343
31941
28421
57599
64124
23741
1084
513
23032
7661
9548
4703
8121
51419
54950
8945
77
41922
47161
14179
13857
50258
39915
28680
65007
1519
20501
44033
9146
56272
19765
63593
35437
15957
21390
53816
27082
19967
27916
26635
61740
42629
12771
63425
25365
19483
59786
8976
61058
58309
64138
13468
22385
15292
27228
26516
63794
57163
15216
27100
50432
37201
21725
20462
5654
15334
49054
31354
5177
22947
39364
62846
10154
44185
46024
47811
44512
16951
41694
31719
51813
20638
41888
63066
46744
59905
27161
20150
2660
11691
26696
58770
37385
12000
34396
63854
50571
23992
44711
49757
11229
37782
29993
42987
25328
972
42813
42286
17259
65467
47093
19284
27492
46628
57657
59977
22802
55604
58104
33829
15763
12016
39859
30716
1622
47519
20185
65243
4802
12677
43435
18105
60228
62565
49719
31998
25932
54985
32605
23635
321
42098
15515
59695
45222
42008
15703
13543
43817
47307
41872
27054
1814
20094
2506
32078
42827
50337
31589
41822
58484
51650
16206
61612
63978
29455
353
40534
52313
2509
44195
29412
12410
20976
28324
43337
742
31159
49541
47083
4554
62131
2311
34581
65469
63215
48141
33286
26131
7636
22376
13514
7873
37333
2963
51796
40254
34729
33932
34568
42109
10850
20203
13587
50124
20053
17208
419
38962
14352
12869
13400
63230
12447
33979
44619
42780
33159
45738
55171
27757
6262
43668
18770
41502
58031
17407
7712
45765
48031
41466
25908
31023
26267
22515
8582
15290
2864
8128
27653
1643
34230
50721
39467
47221
47479
27013
38337
1878
56349
23946
21651
59192
63118
64297
24233
4947
2733
10618
28493
48380
42380
45031
11420
61275
63259
31499
21258
64017
13116
53904
13548
28776
19607
29081
24913
61147
30049
4287
3773
12289
60248
30711
21242
40728
11648
40164
23121
35401
23603
7627
34747
15395
16792
30134
31475
49982
45879
13188
371
29329
55829
24504
60780
15975
12009
28515
26604
59751
53810
62507
44971
34842
28472
61266
65198
59957
40709
1983
5529
44991
33234
59585
23837
29927
34689
5845
55412
64522
3365
49554
29889
573
57767
24195
56781
57528
43776
49555
1581
9714
30099
45444
10858
42653
46085
8340
22198
20485
5303
17133
55319
18291
2253
35162
55039
35762
21564
24906
59159
30027
42644
36080
23678
8662
54285
37194
43352
55559
29581
16454
42582
47722
54527
9496
820
33430
36301
21717
52114
35847
28632
31049
53216
53531
28473
36452
4165
25822
17843
45512
64706
24161
26715
65305
50888
5544
58474
58659
30001
53464
51579
36294
13840
21250
40673
47719
56718
42646
46831
57434
35586
13303
31605
8687
60949
32842
43717
29052
29400
63123
31450
26454
38398
34483
3684
55913
16828
21523
59326
39720
2468
53966
45578
34725
27088
33614
37334
49271
50719
4739
47009
14606
33648
22800
38467
4234
7435
22112
52565
11866
43997
3866
31952
52995
47784
30411
29954
11858
8138
8307
33734
20649
12200
25373
33871
18696
53933
46629
50336
51547
42671
53128
49691
47748
54717
64878
19923
36980
25069
14343
41175
20570
42169
32821
27714
22375
26156
16699
24585
1618
57042
16314
13099
22102
6074
39591
11264
25299
12741
11661
62900
38124
50267
25742
59648
58970
34352
26870
25321
39898
1703
2507
45357
54093
59030
20502
26691
62266
13413
27702
25332
42282
55163
16652
11999
22606
10572
6142
11464
44129
351
19972
45086
4476
12198
53484
7365
55036
52075
59448
54208
47206
23839
23952
20814
63823
56797
58042
65067
41414
25873
7155
47594
45643
33478
62839
39132
37159
16374
54863
59836
41638
52347
29191
55428
4320
17882
41390
7459
29029
33949
56371
44910
2333
62100
14394
24727
65529
46620
30896
41512
19132
3211
48509
6663
18965
20894
50974
