32888
8371
16416
32325
32189
46272
51740
40326
24733
45767
7754
39835
16545
53709
6759
7110
7453
30308
30079
62565
52695
63350
17758
35694
4222
6376
32830
388
28575
17810
46471
6291
31206
60426
42344
11961
52179
16906
5401
35930
62327
5592
38284
58977
13640
6245
24955
20304
33901
27370
43487
55132
23184
38711
5161
46446
2232
47738
15832
39645
15894
6873
7969
62395
22907
20278
44606
46368
4108
43562
62403
44464
47425
6366
22711
58163
59057
52346
6134
24403
55114
3141
10007
24007
55457
38551
14536
58738
47676
3073
62389
56379
5432
29714
16026
29745
27966
49890
50030
7209
16546
48903
22410
39636
9814
43560
17173
36033
26679
34684
65020
30344
19940
63985
10306
45641
42936
33286
7545
23179
37706
26891
11572
25399
1537
63414
11916
27962
4245
10
38733
13746
18264
60627
36487
14467
5923
4504
36489
49206
55223
37959
10578
10458
61190
45819
62279
51869
32932
17054
20433
30380
41926
41180
56948
50387
9257
21713
50515
23467
6728
34367
19705
63300
44747
2670
18981
62240
63728
17294
42144
43949
30526
35705
44915
19544
54209
16792
33414
3627
25180
51953
6148
39258
38386
35455
56014
38167
4971
58453
37458
62057
41593
26141
10656
7312
41511
49936
5731
2399
65443
16811
33703
7635
56676
45825
37525
45744
14230
12684
10111
56909
1840
59997
15798
59955
14202
42501
1776
4507
10956
20260
38589
10670
14365
52619
14761
18142
56942
33419
27809
1936
47811
10211
3027
40812
53265
42184
64302
63135
45161
37144
53080
42141
64987
61855
36201
3000
31029
21497
3985
40271
13810
47355
36632
8194
5810
42650
31975
49704
3055
14804
23992
19665
10614
19697
53613
48381
863
7643
27284
19386
16626
7109
31128
23996
28095
27214
60158
24528
47723
63107
32352
49698
7366
48437
30934
17163
21162
32227
25831
62876
48280
19646
12336
58639
13851
3189
14514
59463
5262
64901
25590
51874
20155
50653
31204
43383
20652
14229
7517
26226
21692
35791
12210
64102
4138
47496
26488
53764
17199
39053
54000
51812
7343
56061
61201
17631
36768
29337
43480
26340
42817
25365
65335
17442
59714
35409
22996
8421
41051
58719
7520
13224
29927
8092
24837
21995
6073
32023
27944
57598
1444
6106
59962
788
62736
9579
42064
3532
25168
56575
10240
57722
21912
30151
19588
43997
55739
19748
232
64907
62758
41126
19942
59182
23786
63100
15356
15670
22423
23044
1572
17856
35315
6309
62741
34399
2076
5345
31866
16736
65201
63031
42234
46806
61926
38695
57470
25206
42939
20430
6814
60410
47724
52701
23249
37857
59942
43010
23486
41916
21397
43239
40688
44849
3739
33429
40028
49662
38897
46914
34611
61602
18073
8761
50581
12778
18889
27398
56694
7377
42619
33184
16381
37221
59163
30818
13903
60052
18922
42667
38746
11480
8135
42719
13259
60521
36402
20713
3995
51146
1115
62633
12843
32721
45615
10145
37382
12929
24707
38555
24204
30985
29130
22327
26180
36704
55442
4564
47065
45584
24628
42648
24552
48606
10797
3631
39480
59433
30717
1363
48976
57261
54692
48010
6513
34855
38124
41633
44413
63308
12273
63403
59101
34811
64784
50843
11803
21848
3381
57314
64775
4041
34751
11158
4179
31320
17327
57589
10402
46193
2331
10044
488
62467
5383
1942
6301
44752
59431
43060
46972
36931
60513
63225
21426
37508
16350
15386
27364
46097
17658
34858
2369
9347
183
17200
9699
59863
28690
44281
44694
40855
2182
7636
31138
35175
13522
22128
11254
39701
31124
49815
47786
23353
33660
57946
20325
33896
22016
28119
10679
17931
63006
12290
39562
28050
64429
14015
49455
14989
3656
41411
10824
61133
37577
33221
47836
58131
30978
61432
30197
15946
22390
21013
48150
64702
1944
37134
42726
48725
61142
15293
51904
14065
9962
13357
29852
37537
40873
37859
29507
43148
56214
30697
14741
54230
54011
49242
37159
37890
60469
3790
29761
31348
46147
39946
54927
39088
32002
16147
27955
30630
16627
46573
4619
7734
63663
58136
33799
48858
11021
1138
33073
50357
31340
37529
38819
1039
22922
19512
9411
21615
3214
14742
43000
36083
58910
37431
60869
1503
24664
16780
58305
34674
40673
32520
55764
2521
46357
45867
8444
55770
62513
45194
62894
35546
65132
6420
47673
8546
23401
44632
28534
55722
29503
15578
27217
55899
2396
57587
42959
53139
30829
61214
57307
45946
49402
33266
12590
49108
8756
16105
39769
57453
65441
11121
31984
58070
60491
62102
46658
22376
49984
60320
40464
56680
16428
2636
17682
29704
708
5154
26033
4654
40477
26795
4640
8344
4866
60227
37840
50434
3453
47640
77
40371
30542
18496
54864
43090
22144
62096
51780
55991
43884
42852
18476
39983
14240
31885
20739
22835
48268
56862
53434
1380
10514
13593
8403
55689
35146
48937
63829
50018
23596
26709
1301
32306
52123
58787
18033
35738
6477
61533
50424
14945
61062
15959
58036
58124
27307
35461
27848
48575
15991
45959
10836
7593
57324
11730
42274
18607
53788
61187
42214
3285
56312
8589
58412
23981
58054
33632
63224
65212
43312
23879
24092
37204
61346
18004
43089
24287
55749
13984
10132
4003
55870
64374
26128
20255
61276
45680
64092
39737
5837
22825
18095
41967
1033
40265
11630
60574
15929
25426
35282
43894
11369
46434
57033
52224
42146
23423
41022
22482
64435
19166
40338
17395
60818
256
32187
13606
5945
6349
51910
53309
7898
23616
34919
38455
38096
29467
58533
36544
29562
48057
26461
1550
53679
21091
9179
10948
42227
34787
50228
4073
23084
13321
43995
37786
42120
56124
9086
19398
14986
29575
34561
50767
58411
15137
19647
50421
31887
15413
14575
19319
30345
51882
18100
48289
25062
6896
54526
23524
59322
53463
64830
55361
7814
47288
22449
57386
10040
43720
64472
62303
61909
44378
48069
4611
7744
40774
8219
41598
37452
61684
58853
22060
37544
29971
9664
51029
35703
45209
28572
55245
17844
24411
61786
62440
3035
3037
22176
26889
36857
43975
49729
25357
31467
15828
30458
10655
65039
13820
50824
65080
22942
3127
22574
11240
62564
13019
9094
2894
57223
33798
48747
46028
45304
19914
56294
5510
42101
47547
33526
1525
63914
42884
28459
7257
8782
64662
2764
25260
39432
24970
45252
51337
718
51527
27675
41750
22484
35348
14683
38192
49038
41984
32804
15190
22129
17224
8250
37425
11356
18028
63753
63716
2440
41353
41058
43452
56734
60664
31195
26977
38972
7064
30646
2368
13547
6168
14091
19002
29466
37572
12112
32401
32906
28218
18923
28027
29064
57678
23298
5880
41638
33267
23939
32383
53881
52350
3526
9265
57092
34846
44780
43113
53193
46813
28053
57495
22777
63376
19346
9673
63167
41810
29755
15916
10725
27587
2356
21788
17189
50491
27357
42092
1963
12750
11195
34492
20145
17061
22187
30994
62407
40930
6339
4979
31608
46070
31133
19563
29875
33056
50101
60351
21950
44401
58859
1313
42265
3281
22588
23772
3795
7326
26107
30801
60463
28654
24948
19502
15376
59267
64831
19096
33251
46237
51982
5304
47061
50226
9391
19900
62074
8616
17320
4212
64443
50919
8078
8941
34264
49771
26651
21517
3930
54598
28587
13883
12308
9149
17125
28414
57783
27249
26087
31657
29659
32396
60691
45623
47038
18038
52965
36717
50457
17982
22799
59188
38085
28612
12283
47643
11126
48158
42307
48411
52342
38031
23921
39572
44443
9565
55816
39200
2749
41287
60196
51975
41301
53647
43640
8059
8411
24636
42300
63501
43918
56226
14367
31801
51185
764
14215
62402
24373
53928
44381
56516
28408
25504
53342
21239
9036
27189
50847
24510
55154
47938
25855
3269
21456
577
38143
12512
39401
15579
20337
64445
40691
20859
61333
37101
30974
10692
7501
64764
2048
5955
59729
58682
39487
26283
28577
13815
51334
53596
10849
50149
20975
38605
33887
44966
12808
59034
47210
23438
63693
1893
15979
47599
56758
26947
39312
19962
63912
14045
28936
4043
55971
25737
11800
52031
1004
5997
48911
61508
7669
8879
48536
45828
47120
21362
6700
57836
29246
58603
58762
5775
6898
32791
44366
14124
24206
4441
23396
58556
50355
60367
283
46386
48067
37772
11606
61937
30794
59532
61554
21724
27951
62055
59456
13280
17207
61275
21786
5225
9096
32651
17499
60071
54172
15289
49442
18897
33528
59654
31774
27360
35513
58149
47248
54348
52505
19100
34757
43403
5244
43212
25164
12349
53017
29282
57931
19779
39619
16064
58650
44531
7752
36742
7008
35158
65483
63075
16516
1581
20087
26435
6807
55909
50113
2228
61052
55270
38788
34204
35789
35285
44674
44774
3743
16565
58128
47535
51496
52227
61858
13410
40451
36562
58554
29011
37582
41063
52421
1663
15272
61604
956
52745
55931
49121
64006
20219
35984
52063
726
25196
4679
41833
15184
31272
65191
31538
11283
16995
51019
48763
57295
38240
10229
21550
8692
47533
40540
41429
23120
23875
26982
28857
22626
25232
4831
31110
28668
58098
42239
45504
59247
4350
35352
44869
19953
55092
8498
48084
43144
16988
49535
44395
59159
4152
16596
49449
57636
43427
6194
10846
51956
9694
20375
44662
13042
30922
19667
37518
22514
36011
31176
3211
40546
18364
34455
37982
19954
39790
5929
3567
60997
61804
13707
3268
40518
34873
41668
63976
46776
2078
35249
60049
14310
63833
61661
36863
14695
16342
31930
10938
45176
62157
31559
12981
30585
34610
60065
24918
41438
42695
25998
8610
61603
37380
40659
10223
62172
804
32537
49531
16831
1673
28955
18705
46279
44087
49534
380
21620
11554
61349
58185
31174
57034
4336
12979
1003
52598
19004
54032
53259
52957
1293
62366
31117
56017
6378
5300
53690
31443
2519
64922
18216
11862
65237
44999
25542
18003
19652
46280
15855
10266
41671
25325
12644
3856
45042
64661
65333
34277
37891
14992
61017
52196
8793
1290
62377
8485
38093
20950
26368
34997
44172
44787
18844
11348
6683
15986
43881
50343
44984
9580
24034
54418
2314
14374
35444
6058
37640
26202
50519
47333
32727
46403
62424
15049
28352
46171
3046
39071
37806
7696
61608
37549
23903
60570
16518
39176
3540
40911
30014
59890
35483
33380
41345
59375
11104
35485
40640
54892
29035
4026
32586
22493
25162
55393
58354
11314
53271
32215
63699
51676
47907
22103
23202
51219
28617
58600
65533
56126
11181
7561
65260
8829
54548
31862
21313
40670
55277
43151
14887
3261
30625
13850
46985
59535
60906
5468
45262
29833
23451
5965
45595
56972
2295
23064
1821
36714
53040
30664
39963
16776
6594
51024
13991
8682
47436
44125
29764
59027
19364
17311
55483
43703
30372
15867
44637
57479
58408
58437
31400
41705
28672
56887
41859
49768
10626
8678
27787
54916
21541
33431
49399
17475
48276
12183
24048
21917
60732
54738
13742
12550
32880
42723
59935
28993
61916
24256
4653
57581
57677
1913
49215
4424
6251
25874
26895
628
48269
16746
31294
59666
8764
52605
8081
4955
37589
27921
34715
45632
14241
29741
13050
30886
66
44119
34153
36856
50035
49657
2641
35002
8553
42005
21701
49454
37963
13250
47134
40879
62828
46066
2661
26390
60768
24684
7335
9143
49129
35320
59391
43238
2961
3124
20022
418
33437
5673
46906
25410
8182
14991
33112
59465
29591
39154
58067
56380
24004
51987
15163
31899
59105
64996
49
52790
48668
44886
56413
51612
41602
6342
44926
29213
22166
51713
9965
35076
17799
13509
8993
49688
53418
2998
37654
52520
36141
9250
62697
43928
3490
26092
64684
11508
51770
20756
44211
2114
11773
6029
58455
25787
22788
5331
50403
24698
51113
6139
41522
10681
35501
21303
14629
43708
32936
37881
47518
43970
32798
19664
53218
62019
60230
8006
41655
13676
42700
3971
57650
31626
301
13723
21312
5112
22133
39573
38011
58802
28830
58419
7986
46925
22155
34053
48081
20974
22512
28448
46502
5380
36849
56580
19933
54047
52666
41495
23801
22592
5146
65054
56759
5296
48657
58173
2132
11079
41421
47098
1474
332
9727
14791
23703
21903
31382
64663
16254
54359
17654
21555
19123
6155
61593
56353
5173
43228
27737
13024
8639
63549
34080
58766
48995
64180
55930
35271
57530
6111
6442
63126
16209
63830
5320
34201
59811
22439
43217
40140
20601
19232
44864
55016
6843
32121
57645
42053
17785
22988
54606
48640
52471
13886
8199
6687
1427
18784
31742
28752
56714
44354
21105
18321
17405
21006
50331
43588
12578
39860
11423
50034
13094
31349
4193
59460
51606
16724
55112
47265
55801
26625
22336
31717
15877
2566
24207
36897
50694
34100
27042
37605
32075
7099
24656
5584
34636
13016
38363
4442
41087
64121
64392
8027
57024
36123
58366
42681
65321
31419
45037
28331
7539
44279
10464
26207
33972
47725
31852
39387
21884
59877
34003
58438
9221
29366
3400
30738
18027
45991
30322
59544
14418
14312
404
56659
65154
49522
24911
59300
13885
32636
48370
60274
30124
6838
14488
35537
50619
7563
16898
48204
50753
5793
48062
40024
14534
14180
18572
53694
24859
17871
33953
32680
51481
41973
41383
19283
16666
10149
34038
12568
27083
44373
15654
44484
42310
4558
63509
36747
53288
36688
38912
26193
25810
40560
27184
8808
35343
33117
1967
41714
26036
40303
10315
2023
36032
43616
58839
48040
65280
23723
28518
20843
1369
18290
14242
22665
27691
15019
35643
24471
24095
7939
49210
63650
14381
31967
39809
34302
2827
23403
41913
47545
35528
28177
36063
13147
44010
48038
9817
60579
39631
35008
37155
20701
45180
33432
4882
25086
43714
30351
6607
12645
56813
56809
29647
8001
11475
48966
58146
5029
37316
54018
52195
46281
59920
46010
33052
63709
5511
57594
908
42841
63717
55502
22004
52232
57183
18345
56662
48927
51825
32257
64455
12381
39295
6272
45697
6948
47115
58689
39687
6120
54590
56100
51331
27560
41394
53606
61471
43759
37408
10127
54616
60261
29809
3586
41472
35071
39238
3461
47578
60485
50640
29499
34690
18584
32565
28051
29597
52199
65419
44800
328
57578
34337
44626
44138
44505
2665
31264
21546
51695
13111
45684
61660
31592
37128
11368
29613
12205
11154
38811
22645
25541
37410
58967
6857
4445
55583
13519
42051
52034
61039
37973
27137
25963
34171
5347
35160
24098
682
19016
11705
33317
41813
2387
42434
758
38526
50574
10523
32901
18262
28892
51709
15333
44181
61796
5545
44837
35787
15296
41786
9326
40044
17877
18340
43512
12074
1066
40460
40767
8517
29106
1556
45060
5276
58256
12111
8048
4764
19845
5217
59916
1361
12059
21478
41642
50401
25425
24934
38451
57431
58881
5542
19631
6379
52060
35635
30138
18458
3509
34092
12985
48223
39494
2181
13837
38341
21368
26655
51075
21464
52378
5277
49737
29759
63450
24158
57256
65139
2631
34200
14673
10368
48487
39757
7357
27018
32822
1389
34913
63410
29929
11185
31229
16320
14394
7115
60847
9169
46384
41548
21782
4559
58121
49064
28620
12027
52230
44222
1402
40793
26167
35185
30802
29205
37441
31146
31309
51166
31353
62305
46468
28304
1356
14085
50588
17015
52032
53482
10738
735
3002
46503
9921
22468
36370
60910
43095
12943
19003
25070
60721
54074
63628
42561
27665
36130
23331
35836
33899
61353
23393
11459
33114
50592
23445
22795
63292
18764
35334
27849
39425
17736
61174
43632
21705
62365
14589
14457
44992
52814
10415
50460
10949
10371
46473
8221
63898
11986
57966
49541
27979
53107
50021
34520
3749
27946
31463
22950
64423
7737
46410
14238
30255
49997
21205
37310
5530
47114
11837
50385
35322
4879
11342
40568
9175
45570
61180
38550
61068
30660
53393
36498
29877
6406
9035
17854
858
9440
44512
29122
12362
37834
20199
18744
8538
24033
2394
45489
16675
16362
27699
60264
8249
42923
45567
44760
35278
386
31609
4354
28212
5844
60729
63272
48315
13894
20665
39810
48100
48788
54851
18698
15618
1045
42893
16708
17789
43386
348
24607
97
2414
21924
14359
47262
39123
17899
3806
5604
46103
21736
55099
52847
55428
17751
10765
28751
42847
6761
41740
35256
22216
29640
28843
16932
52033
53441
35581
13453
32419
19099
52675
50195
11555
20075
16148
48449
14313
56693
8329
41587
34937
56919
38944
44621
32780
8278
8424
32686
64329
62053
43466
54454
39924
15827
50812
44723
54403
35091
39968
5253
46153
11859
31949
39525
36276
9810
27277
7842
64272
10740
52789
31711
3774
65495
41413
52589
29665
25194
5769
4609
12171
37345
3180
1604
29598
58973
42151
63004
23938
6960
36522
57373
10115
51159
33704
4020
2681
49786
24762
43764
7212
55368
27395
44040
52268
41838
56130
38304
7235
29880
13680
12941
26836
58777
42777
3369
63791
5651
15231
55721
41579
41375
25472
53038
4624
14821
30589
17175
40025
1252
22828
9740
27591
60808
9125
17283
56346
10426
52163
28001
26903
60773
7902
62329
7846
57273
12942
59647
20510
46939
4511
19546
61714
28273
37206
52285
33991
65270
64159
58938
16228
54704
7181
36472
55671
10216
6647
18836
51745
11373
58380
3775
56422
37993
40869
37643
53735
15260
22479
25645
32190
37719
34898
14545
46840
40979
55751
34699
46371
53136
57275
28805
51355
54394
61094
4285
5875
8043
20780
64143
30084
55959
64128
8
27666
29707
48453
65103
9039
52597
20489
52676
59208
43443
65163
7068
57644
41646
15506
35663
19802
62931
34716
34051
2593
57822
3666
27606
5911
51224
527
32274
58943
14743
54555
62269
11609
52056
44916
56810
30386
21891
40057
11922
17640
59818
21242
64999
62689
28510
57502
53302
31375
36280
39216
26467
58899
39095
38904
26126
24212
63974
36975
31802
59966
18845
2509
22339
20960
34644
43689
40139
55161
31927
24241
16948
59364
6392
5372
1721
40715
1407
44007
56154
58236
61382
41002
24018
33263
61405
28609
11285
32166
33219
61614
54551
6432
28369
63880
6125
27377
18385
4042
44096
24800
3791
55869
27061
4149
17537
43735
5171
2992
25850
1904
18459
47083
51802
49383
10438
30101
60142
48486
50048
4964
21055
25710
29609
18700
35800
14151
25448
54733
23187
11787
5458
60171
6846
36251
57675
31886
16005
14665
23093
22275
2125
19367
28263
54912
44880
20632
27308
45581
31761
49077
19466
52950
29307
1632
56007
44773
12581
24643
809
17355
35821
12516
33343
26344
32214
43556
58158
15804
6007
59427
10828
61474
8297
49024
22984
25990
54031
21984
40186
62379
44404
50239
61350
27698
52015
62974
60157
41632
10465
13128
45647
8515
16075
13745
12746
38213
13598
33500
64659
43584
27746
8178
54329
37918
64825
15641
56508
59708
49491
61460
46938
55333
50618
16553
57541
11923
33295
5275
63773
31426
24178
33326
35325
13189
48427
56983
43767
53956
11108
51363
53114
35116
26572
25002
31271
45237
18726
3333
40211
38613
9161
62075
52492
44907
43382
10704
43844
13446
42691
54944
45685
38404
24769
63619
44980
22582
44592
36860
5125
49983
29098
48368
14337
50435
11217
3077
10716
24372
43845
29194
27264
45473
62882
47212
31232
48687
392
19852
29629
6417
54433
50095
1555
24476
27406
10891
2888
30956
31565
6439
29592
54391
39325
52935
55322
51899
49468
22663
16878
33833
47952
6236
14630
26508
10382
49846
50227
6892
31164
20540
27796
35639
56462
50911
22436
27533
20109
43930
31267
54084
1645
46200
13770
32462
3216
19017
34763
59029
48562
59039
62919
40293
25851
24695
1134
34225
338
5301
6010
23124
49576
46616
62021
28739
26900
4586
40944
48518
46243
27202
16727
8675
18317
30026
21756
54401
35757
22169
26754
6051
35172
4856
59894
990
23954
49207
18759
26217
21783
42888
43422
23163
22474
20470
24069
17614
51021
20868
30662
12228
21184
35138
53163
8208
4570
47864
30168
57959
43766
44154
64203
53644
15787
18371
38225
30840
39430
64694
60253
50083
64181
21791
48258
782
5113
33086
43173
52298
39348
25343
42515
41847
45073
18402
31329
37547
6009
47998
47782
8642
59809
24393
29602
53000
64924
9603
52784
40058
15698
56144
25900
18181
30256
43832
23222
27765
51584
65428
5440
9386
30535
2759
34237
45040
31180
50192
64437
3321
382
61956
20626
53247
17438
21940
30348
31212
4995
51014
25569
17959
64242
62622
24572
50921
64637
18908
23659
6363
50623
30747
59438
22431
32384
32892
39803
43700
37076
7498
22561
2231
58739
3990
10025
30833
4429
40374
62956
6815
36990
42093
27641
16662
57482
32703
13948
17886
61010
31901
62959
39936
30311
48430
48712
26196
20579
27003
19654
36444
55874
20362
461
38023
8556
46452
62189
24521
59719
6167
56587
38135
29410
13178
50037
16439
29000
9298
20927
51621
40551
25933
4926
61679
27230
45901
31843
35613
22251
32451
42097
44259
43280
37239
24880
24659
4186
29292
4773
3264
18226
2472
17623
37418
62719
7937
28632
54635
1254
36004
63972
53172
55512
10365
14679
14389
55915
48607
37838
2530
25774
29021
6667
9163
37628
14047
40672
65359
54696
13573
39101
31330
4518
27294
17177
46884
17483
10809
48520
64621
42768
19191
19205
52194
38753
36992
26200
27751
38384
18433
20924
17621
29765
37960
101
44882
10116
61079
50861
626
58120
60731
60312
25356
31397
23922
36578
28071
18630
55560
38453
5194
25954
19285
45011
24855
60125
9503
53718
2933
47560
15794
36962
35178
26426
44912
40434
7157
64026
15216
47259
54670
19796
63198
55547
8309
64173
24321
62419
38007
7145
9966
48624
49035
63203
53529
32543
2686
4247
31971
49882
10995
45579
49414
46073
39168
6713
3171
11791
19196
35648
20778
45207
11796
53710
54017
47983
4566
50265
7167
40316
45045
22486
45205
59749
17412
9452
41699
30025
41044
32858
11619
524
40311
30707
59656
5969
60087
31466
49497
40447
21264
61265
13375
42201
35052
61412
32249
20113
59360
38040
34768
23955
28401
2410
25548
20698
16438
46735
65507
32236
19508
50137
49481
55700
27229
42455
9361
13332
33870
44122
25872
16930
50663
26757
62561
13912
1738
20821
12034
8217
30726
53197
35129
20024
43638
53831
53960
43105
13507
13009
58253
9761
11103
53755
50817
29158
47363
25445
27795
42312
42813
49865
44140
29424
2524
49987
36926
54759
48495
8062
32101
26273
13430
38383
3440
22638
20994
54579
6290
34156
10758
11762
32310
53219
24015
16752
2211
45505
22019
30749
6620
8303
19762
7581
8451
43360
48644
45788
18905
33384
38754
37595
52885
63620
21402
62098
32327
16134
43033
11763
14304
21359
29131
40840
63527
26905
5574
22734
45654
41904
20390
58050
23147
30099
16946
65391
9793
3045
56263
35567
49908
33102
50738
22440
53436
60486
19801
35527
21877
25185
40610
62044
29349
16177
36540
50616
10627
14217
37945
31513
15320
52104
50901
34647
4746
11549
47242
25617
26908
24052
52826
12661
15784
33861
23751
64731
44518
51037
33633
2160
21607
7323
40815
4180
53541
2979
40123
1765
24209
16919
324
45276
41271
37974
25638
38569
13133
30661
15533
37863
30703
54212
21113
11538
9841
18580
50352
63373
55777
45475
9013
45747
10584
40620
59455
33613
39454
7318
5915
57303
18672
56430
43666
32570
55862
64576
40614
12301
14985
48028
5445
61652
60311
58519
31278
19038
42490
20822
45021
54407
63221
60406
28754
32169
14765
16497
50410
32072
51590
16352
39934
43506
28873
20311
28743
35724
43742
32646
62700
52566
13997
25701
4833
32953
4395
33225
6921
22840
11412
49315
47909
65255
19879
61688
29691
26287
10303
35782
47482
43920
58306
61618
15724
34988
46682
24565
22127
13897
46033
37735
588
14605
24626
10130
64206
16706
15139
16705
55610
62489
28584
56343
38152
27999
26459
33734
14668
12494
29674
43162
41565
1531
54882
56765
58199
9439
62626
17130
65468
4011
8148
50830
13935
43862
59224
48217
32001
49517
19477
35292
64857
13958
58618
7694
1703
52920
19264
16868
19024
62997
39036
45759
33822
4599
52447
39004
42109
20361
51916
54333
52853
41371
38241
42153
3511
59175
31494
22022
53753
41932
13097
39840
37992
27719
561
57509
47313
43697
36838
19585
11316
48109
62657
42086
32623
38252
7011
59549
5391
56850
55705
34727
19015
41372
50242
4954
23295
35900
25852
18227
21198
211
56818
54140
47232
54051
29827
3337
6433
58266
28226
45580
19360
26807
60519
46571
45421
54053
32563
24715
35459
15564
60226
32534
53714
28881
61343
46675
41159
47682
58594
28266
46232
7585
23621
8275
64454
37230
31290
60553
37054
11749
1735
39861
17071
63092
19671
22301
37746
50928
28160
25530
46204
3259
47427
43803
6114
35466
17974
16876
18771
55325
16874
64582
7192
57110
60878
53528
18933
45248
28663
59498
26118
49567
30914
14343
29163
53428
1092
15637
1783
16561
5653
42774
30199
16299
23012
20583
18967
65349
34698
21422
55910
13898
28344
50700
40103
30232
63569
3390
57942
7421
8263
16499
17390
20242
37165
58610
40008
51664
59483
3250
16227
62563
53830
30374
53734
6189
32413
9521
59333
5406
41407
29308
3595
27932
43058
62340
36828
65307
52387
57424
28490
46068
26729
53351
62113
23011
24912
14730
43836
31376
31057
46329
19280
18980
6572
59794
60508
58329
17187
15197
10319
16896
29634
58974
53512
14526
9327
10685
40572
20220
18581
9779
43772
54591
19907
51674
16557
56328
51464
16357
34891
49295
51656
49123
7750
47828
6204
4628
26130
43976
16472
56833
34645
61178
54844
6217
25015
406
9029
2253
64387
62545
46090
55673
62803
37894
57239
54241
24798
6750
41772
33194
59383
40862
46697
2850
16548
23545
7152
545
64314
30127
50542
5547
15286
24203
27354
40214
21572
44237
26455
193
59908
45638
5226
21682
27663
55239
15225
16592
56608
33766
36814
34360
25731
43761
26934
16390
40579
53795
28764
63876
55240
22067
21289
34213
43492
23193
13684
53720
39808
50501
65448
33659
21237
46653
32131
61193
41245
47329
33667
33981
41512
27183
60190
10212
4523
45795
45661
35390
25700
65442
29179
42103
36418
60655
20426
52735
22863
60355
60843
48888
18231
27036
53964
43129
43947
33277
40932
51783
35651
22640
49009
47027
24990
24897
63318
39695
43204
49720
948
36750
61789
207
288
8018
2016
57151
21090
36337
46218
34580
4859
39870
801
22778
54408
41577
10358
46461
57465
9209
