22678
26228
15435
51933
32564
17554
25731
45052
61979
58736
9274
22194
11603
14735
16260
44298
55156
31140
30812
52415
43445
57203
59244
62326
6191
56819
50054
9786
62942
2443
57312
53319
39385
8542
56144
23562
2802
34046
12829
18694
63945
15278
51404
51108
17548
39725
63807
37242
33238
18319
53905
25654
54154
56198
15963
17973
52370
25041
58355
35428
63535
7624
37337
58862
61329
1526
14015
37097
45452
15219
40395
21700
4141
22104
32643
51648
18840
37008
36944
45270
62821
44031
35086
4557
14650
29237
7505
14230
50726
39321
5272
62753
43524
40953
53003
59821
48696
16363
17912
5182
1323
59077
23645
36427
12567
9666
31499
20262
12363
29795
31590
5545
8514
49701
57804
54648
47037
57895
64009
7139
57211
39941
7969
64511
30768
61616
24190
14755
11760
18240
9777
50634
6767
48929
31578
9237
61883
23887
36807
22809
7694
29308
12422
44229
14696
4775
43114
21177
24946
15988
9287
7662
43350
55370
57079
29993
11808
35101
26397
32946
25930
35562
54293
41655
17244
36750
9239
42740
33719
23329
6174
33327
40639
13907
42050
41296
60653
20910
17249
60648
64839
23235
46813
48438
17387
47416
17927
37823
53338
31200
21488
236
8302
14396
25092
34889
57603
39369
23231
44175
9322
64403
18730
28472
807
30301
7204
52130
22180
45267
49702
24691
11660
62082
9075
33890
8356
50433
46738
6676
32999
12517
33609
43650
63508
17453
14884
22012
20781
34455
8288
7060
16612
59595
16568
880
54048
12856
46139
5217
13196
39051
56496
52667
35633
7653
50792
59272
21613
11823
21625
11090
32088
31702
36669
65535
19233
55803
14812
61277
15134
7134
18006
57011
22619
160
50464
25991
32455
20433
25433
54092
48258
58800
48923
47935
18349
61589
47271
9388
53230
5910
32298
64195
4677
11801
18427
63997
26974
42992
6097
60443
34343
62607
44415
47117
64571
18094
11739
48077
31449
1169
36768
2049
38036
36621
9965
8982
39279
51202
12454
48622
56246
25052
34479
54977
29999
46162
5687
10971
23302
10862
27568
6820
41921
63257
39003
39407
46977
10947
49785
51249
839
10184
35772
14368
8341
5830
26248
42862
48812
25007
1756
27258
45252
64179
46711
5515
59269
13924
19925
45896
29862
57311
60371
32140
51088
54624
35440
54231
27256
47859
41202
39534
57000
20414
13060
23889
10300
63450
3230
48307
21384
32547
30118
42151
44033
31054
26973
40185
32677
50435
32308
38702
32650
23343
22292
4473
56166
40663
22088
38939
53391
43158
40462
43401
8247
38178
53300
64057
58148
48719
32113
44835
7042
4980
26142
16266
54617
12009
2907
11641
4960
41259
18193
62300
32272
48657
14935
17544
33106
55649
22589
41762
39826
63509
29122
36020
16519
3851
18038
5474
8941
42327
31783
30577
42432
40530
24472
45266
36007
28799
17568
3730
43310
37681
30229
19876
23288
44942
13572
34132
7090
32561
27368
64210
37475
6954
57367
34157
62986
41693
34173
56796
39618
30059
21548
9214
8431
20160
23226
61548
63032
34177
35893
12493
57175
35703
60034
63174
24435
24888
59311
14527
11022
12585
19722
31464
29115
44965
24040
37119
6558
31245
19835
13545
11885
45535
37993
60081
38008
33822
42324
60757
8697
22981
19094
27179
16509
7597
34026
41160
22758
4353
42537
21565
3950
5092
21837
12803
58580
57038
41052
65410
29160
46796
60425
51597
55284
41280
61771
20243
35452
39732
42934
4651
64522
13559
5667
4
32977
1117
12171
49611
45928
38743
13471
48370
47869
36042
30459
65430
29931
62602
9137
2191
39052
23690
49775
43742
16004
14289
38911
50255
28428
34802
22032
5433
30913
48671
45971
55813
12553
43149
48777
35858
9832
59383
3255
12608
26033
17647
42190
57697
43563
13472
16160
33016
4882
29888
47607
5063
48090
1585
49006
51799
22300
13144
37282
37331
46852
7043
23
43934
35837
43576
6270
3755
58653
15384
49884
34402
4676
10630
37980
63631
58298
21924
27778
8789
41968
29043
60268
56436
28457
43867
33640
54386
12399
46464
11894
41033
10520
16811
12632
64405
22166
9394
52250
12317
8323
49681
17450
51782
15884
55688
52716
32904
14041
33714
43285
65053
46403
56176
5526
38839
22984
6785
24665
9232
9108
58408
33880
28398
20125
27649
33994
5330
15343
2936
3832
1002
16027
53196
44458
55509
30040
45100
8900
61350
56069
47955
41286
11086
11887
36537
11539
1755
63118
44556
2222
7295
57801
4866
45898
8270
37525
15900
44845
7231
10396
28401
23415
27458
48919
47128
64700
61187
20500
38904
18793
15298
46896
57662
16952
3645
5021
15216
5492
17546
4287
25254
20473
25452
51361
46884
63020
53336
43833
45642
14239
30714
28982
43425
23702
62164
4641
60132
9312
53450
16905
48243
32474
46236
3526
31332
46946
5124
13769
53287
31485
677
10147
45775
42690
16245
35277
22653
57514
77
31740
29145
9755
23511
14183
1773
13259
22463
48183
23514
11536
43599
40209
16141
39244
33293
37945
59759
35245
2751
56059
57116
23175
46883
41209
14335
33444
50734
42343
24783
39616
60709
8350
9628
15107
36138
26224
15267
52792
59284
64651
21769
25720
50055
34686
45021
32010
8735
43721
53440
22024
8000
20737
61411
940
11794
54936
41013
14667
48599
45548
56861
49812
47261
15766
19527
55308
18416
41307
26769
9535
9773
53777
57462
60480
41618
29740
58389
10939
62325
42128
39275
56549
12142
42079
60184
35925
3589
55049
40282
11369
1846
47482
26195
9330
11996
16504
29345
56330
14597
43841
32211
42819
19900
12417
11179
26243
31438
47329
57702
64616
17487
26371
37030
13185
54919
2442
31005
34726
51223
24654
29443
44900
11261
53961
32726
5205
32441
10600
28293
32692
53046
53242
38169
30561
49959
29565
3396
47885
27195
11526
404
975
42656
37683
14293
38761
12810
37562
23528
42518
38368
7644
55183
47601
50215
61861
47661
33705
46420
55499
59465
2667
38446
21495
38541
40390
227
57859
1628
33657
19936
9515
54998
52335
16156
2252
20927
10658
45074
53090
13941
57503
33562
64238
48212
13593
877
18118
54351
35845
23884
40472
53645
56717
5304
34955
36346
39229
49909
40485
48381
30772
57953
60205
44836
43263
17588
16601
28673
62662
2584
50070
7892
20142
58703
9609
22093
30266
31994
25580
50937
30482
1685
50989
49187
34731
42685
49018
41958
3122
18725
32264
36283
36375
8143
17965
38749
53001
30611
47545
63456
56332
25053
57104
59190
56531
9175
8064
57748
18487
565
28149
60326
44570
50181
60456
28123
52693
15502
55720
43955
51078
39219
59485
28515
4772
36816
46169
3058
49588
11532
45495
27201
64190
15672
2665
52471
57487
16460
58694
14364
52288
13363
15999
48102
4820
52502
8472
58906
31554
2381
61074
51089
32528
9555
65103
59155
63338
8974
18493
32737
56293
25375
25635
12899
58893
39409
1160
26676
21579
40694
20018
62150
10608
10424
17403
58526
30156
64858
33347
48904
46868
22561
10232
35635
26584
36983
51365
18879
33899
4223
57161
40107
7546
52827
44851
33261
46300
38549
4935
39511
15297
28741
57157
9973
24547
19033
61427
4179
43503
48742
64514
5990
18104
33035
45261
27040
46015
41529
36018
7271
51692
56958
62053
585
54684
41306
48164
16301
46381
53009
56121
25417
34605
5280
33796
25149
4060
32622
9067
56546
9359
57918
9222
8505
42880
18149
8766
10228
42745
48287
35704
23735
57486
5580
40580
35542
46306
21985
7572
64206
55382
14638
26370
19069
55888
39514
7605
46084
17341
38524
39591
27273
7561
64429
53510
33358
12747
19881
39541
17517
9861
29485
39536
49768
29035
689
54748
24308
60140
47968
55125
29124
9036
40475
46277
2338
4538
59420
417
38865
64721
13829
49291
11520
44406
13985
30392
44013
26636
28439
35190
39456
28133
54806
8079
56187
47844
20768
25559
49578
2538
34
16930
18471
15814
33411
9779
54675
55938
15878
8087
62397
1818
61451
39854
50223
63872
23004
28416
56650
15470
3408
4962
55505
42491
55891
17034
50556
63120
25460
45624
57419
27543
30275
29061
15711
17169
37191
6626
34770
26143
51992
44478
12003
9121
24655
39810
45360
55381
56548
24848
13393
32460
13484
41463
51038
8447
45173
38575
51901
47479
59453
37209
34267
11424
30078
53061
45491
11734
46051
8516
59162
50565
62668
32433
57682
52214
57034
62416
8760
42265
59112
55701
60874
9884
18924
47787
23737
46799
60735
61391
45539
44399
56438
64733
31603
65507
46295
12858
60535
18291
24641
17645
38732
41077
15162
50282
52372
54262
51780
20583
6272
14258
62002
45123
9815
21820
59896
28273
61182
52101
8098
26707
52450
32580
2670
9335
8352
32533
17190
23810
24750
14065
28296
49571
2473
47807
35361
13369
41076
61449
9596
22334
25913
38458
55694
30175
37334
31534
40628
36017
10082
28302
53555
25259
36411
21054
30448
57846
19697
56659
37380
31159
40270
34812
3004
11974
43010
55934
64966
4660
1530
58602
29036
35407
17836
32360
12106
31587
52701
9636
14088
36626
24003
60247
29028
43835
9935
57003
28382
6145
22983
50909
8070
40396
37152
62904
58169
46256
25619
9993
27626
40072
65261
59238
16690
34725
50722
29184
6612
10199
60223
61156
47505
60229
42586
22370
743
42526
44202
13568
4636
17061
57287
1230
29823
33568
47765
34615
58015
18596
4299
27925
10338
12600
46348
63802
45567
54030
17321
1465
17811
47760
24589
2625
30394
47234
39959
26311
26413
25626
28906
3265
37619
1826
25970
50946
60150
55707
29286
62035
53067
22335
49155
53078
45516
59395
54392
28652
4138
53485
29581
54116
41449
34534
32876
45724
48409
23899
64851
23298
42720
25102
3969
64891
53509
34904
1424
22495
10700
49268
45213
40371
55972
36906
9803
37466
50661
60638
27703
3055
63830
31451
49138
41008
6854
35071
31559
40257
2078
29494
57476
3942
34882
42847
15068
55545
44404
14432
29764
59022
15815
12844
12840
18211
35165
36548
39558
61958
62422
23855
8120
45593
27296
50916
53748
64781
29700
39260
34066
15582
48800
7302
64909
40645
33370
38625
49876
55163
8275
55286
10825
31572
54084
59384
44859
16292
24880
63608
20706
4843
37528
54145
54576
17661
58876
22353
46364
9014
50670
55343
15223
26006
5140
19064
32925
50999
47424
13662
27962
62767
30940
35835
39012
46346
30893
19337
23171
50440
42640
55927
45155
12532
9987
16388
9756
10267
60962
32388
28203
36877
4059
28620
49202
25413
30107
43488
43315
26817
21116
50875
10961
5531
26416
16046
54209
9572
35530
43786
2844
61625
38280
9248
26340
2614
41699
59832
4797
39856
59309
35532
5290
4494
60790
56219
51839
43223
41732
14050
32563
41351
35857
2549
29774
43154
40541
4398
27384
39509
59578
16479
28948
22080
34392
47417
2863
29232
21468
62815
18813
49412
9324
52909
25550
5622
37893
8636
22308
8712
6409
39117
7948
47580
30896
17356
14771
39201
10763
58989
28024
36607
41586
29942
14789
31810
58776
15036
18282
21341
20216
17073
16429
20778
41437
44529
27620
48802
23236
53952
8417
62567
25185
20255
59423
51756
34611
48493
45044
64217
51069
23359
39614
21934
64555
47171
18260
48030
61338
41848
19547
38252
26721
8671
4863
32859
51690
64524
58366
17799
45586
27086
17149
4065
34481
49966
49991
14240
20814
56810
46763
10156
15440
5162
15025
25677
29306
59430
17036
19844
1601
33167
19776
61055
18627
46323
62214
9981
61864
14216
50622
47000
3432
44329
22798
36894
3739
26393
18244
25557
36923
662
6897
53650
35712
60036
50481
57752
47526
28205
60404
1776
4806
16982
49216
29121
25167
41165
16676
53727
55389
29155
49738
39475
23602
35376
4152
458
49922
8439
56780
44364
17319
32079
40281
26402
12095
58928
31208
59758
54370
54851
44528
4463
20883
12855
64587
18731
28022
65193
57887
45807
23387
39393
21716
44487
56540
41765
22375
41031
57041
62694
19146
62100
13002
50549
37302
59887
14793
41784
46823
49044
7394
42500
63267
13436
58212
23501
59416
55334
18895
38472
9895
12947
35210
17254
64024
63528
53066
27446
4645
34776
62459
6602
60681
11343
7848
10753
46596
27330
52478
2271
58175
42830
3445
48415
4815
21915
8663
7020
29850
47294
20938
34329
4413
45440
57747
28601
14913
3454
55210
11516
44469
39238
39356
35432
47916
29325
1596
5599
8365
53411
1480
24017
32736
53297
43163
3003
26501
8162
10598
29147
38716
8268
17722
35890
52059
40560
14810
32462
21272
41854
45923
64888
43722
20263
21397
44564
59447
26550
23467
54425
20499
53422
48558
2315
43459
2695
40579
46497
64729
60994
29525
44806
32699
15215
37237
58887
53913
39678
54466
8975
44966
59169
16792
58294
23852
62565
49294
28822
33318
44240
12725
31660
7638
42795
47381
1996
54434
6464
31341
59990
54526
5586
17697
34209
37568
43766
24455
3920
64519
10718
15290
16671
55609
48478
63799
29604
3227
16125
34610
15245
34271
61925
9953
10887
53383
40516
45970
10813
37403
33480
15699
38640
14402
39902
65364
59229
62119
24137
16611
59997
34860
5120
49427
42413
52997
23376
59744
41648
691
34208
57212
13128
61375
55543
51125
53154
40544
30092
18686
41929
38562
31242
32126
57358
12270
46916
46359
306
34724
53631
34970
60386
7323
23804
19416
2343
27365
42004
45371
61390
55375
52006
55487
6572
12613
40980
9836
27430
61051
1445
24803
31816
14091
40796
47444
16402
44924
5429
5245
38253
13930
26198
14760
15942
51359
35520
22689
45187
35570
48951
3206
30897
43526
50168
47702
22647
46667
26846
1774
26463
7080
28867
63974
828
45206
37553
52691
36347
15467
39388
1343
35678
19085
6853
5943
63077
5421
57191
33815
46165
31314
59950
54248
11694
41643
55267
1957
19232
30805
23453
55646
26222
23455
64409
29049
44914
29331
56832
29793
15499
23973
39353
4143
43442
29635
27903
15696
30538
1943
3729
2920
58341
47810
12181
44227
48178
37456
7953
35198
30989
24088
25385
60646
32438
9016
22073
44417
57831
8754
42320
14782
27128
7092
31025
38858
10248
19461
44068
6965
31376
8890
43047
16013
6037
32188
30015
30658
10457
44654
41056
53049
30723
35766
35378
51313
28553
7949
61596
20266
25356
19288
57376
62654
40610
12234
4055
60163
42995
15865
30570
65092
26363
6326
51314
12062
61758
21580
11419
54543
51621
46530
51836
27376
15465
49540
11355
102
57452
53916
5781
32825
59346
9849
29479
400
57031
7443
7024
27009
60182
63175
56648
57926
42291
19509
32487
16055
37193
64320
20094
10487
20922
16681
32000
53116
22359
5683
23965
39713
27762
8308
54107
30716
42149
2268
46907
45075
1276
38342
49430
40981
7059
14541
7743
1688
5705
57676
58090
40797
36452
3566
35804
37173
45231
39086
40175
57001
45687
63292
1053
28518
36591
59693
53710
17596
26099
50664
23573
12760
42907
48590
54861
31536
57248
7566
16029
54020
43913
62297
23045
24198
36476
53281
7181
6374
59765
65392
37907
48669
53342
57535
57122
34230
30198
17027
6282
28115
19271
43297
57795
40914
44831
23111
56320
63585
63194
28260
46829
47152
13879
131
13950
6353
10458
21156
6509
5552
37958
60730
53736
49693
8572
49300
31034
3100
12743
27140
52016
48080
54078
19813
21780
37409
3764
22244
51390
62329
37330
50702
30834
7840
41941
41952
3192
65400
61096
50200
14615
29609
52615
59584
59620
36870
31166
51813
37941
22288
63991
59151
21254
31653
61147
34142
65194
64025
14534
15259
42588
31612
23535
5969
34548
34789
40289
57336
39100
5780
47167
40613
61358
8452
11226
28993
57483
33179
46127
3000
14482
47330
19261
12969
11240
21241
51139
9227
45307
22697
29266
51399
44712
57847
62839
12276
61765
15441
43289
60329
50535
54449
25026
25076
21400
64875
48354
20868
38600
33804
12209
21218
15657
22769
60532
27153
35741
28727
23278
14139
1569
32497
10182
18200
59507
17312
54378
40065
11020
16068
41645
50862
4046
14114
37891
60087
55076
51207
60631
36067
55422
25246
38108
46283
14020
41979
58110
815
39322
8405
6206
39655
13943
12071
7402
28654
1141
2946
40538
47949
37650
51971
36289
6352
24261
47659
31661
43589
37818
20331
54336
50753
64740
14612
50992
50838
1658
6746
28938
36600
12773
5174
26476
5468
14821
34958
38323
44945
11893
31714
28306
35636
26995
37577
26117
47522
29743
54771
63801
5871
19014
16793
18558
44507
14049
23281
10728
52842
36747
48860
55464
50772
42064
6064
33505
15366
63780
31069
30988
12902
50961
32442
17935
46816
31388
47004
10890
16116
55075
29420
18925
11063
21845
43814
52469
12994
22152
40771
5130
15882
34120
64067
10990
26536
49077
17861
4328
63911
45965
43979
27736
45282
48804
47854
52474
38061
31649
43823
8548
26040
65284
64917
11331
33988
39296
59130
47173
51921
18677
40704
8329
34493
37865
2843
4777
46212
25647
4225
51884
18278
48914
18474
34750
38405
35693
45610
57524
12465
55881
47492
28667
38487
19942
30356
5874
33552
43426
26054
43754
26661
30541
14280
18976
63753
62866
16430
39774
11166
35968
30721
42394
52530
52022
27066
56865
33692
50870
52260
620
46456
28041
16365
27546
60240
57721
29338
42403
1661
5920
6068
60447
31844
34566
65523
32742
1326
54751
41519
32523
60694
38593
29789
38684
43937
34494
24478
53393
14119
16874
35759
25974
9357
39981
50899
21083
44618
60974
48377
40298
8551
53897
28387
14078
52492
63105
62690
7889
14141
7164
8837
28128
1876
42802
65030
6834
56730
32021
45042
47623
29937
8343
24497
42362
43552
44536
2166
52750
26199
950
41442
23968
33924
48905
3425
11307
18445
39976
33724
81
13608
4925
8784
57018
5808
51292
28731
24520
37880
38005
30528
13785
63097
39364
53624
34627
17322
26896
2231
58271
59292
22572
61178
29284
21573
21559
24847
29843
53942
15407
46
51057
17729
50258
19992
7220
7108
24371
35555
15685
27263
6845
60145
7357
15029
52704
32783
46929
12435
46004
11544
11189
27087
48475
41256
34564
27693
4989
9871
4474
13305
63280
63041
41546
49828
50580
5453
60394
8879
4521
62597
12230
18577
10596
6034
6397
62606
21010
9158
5870
34711
12965
3799
53948
53909
13488
27462
17348
35559
60056
8440
33675
39576
16628
16691
32963
223
52886
32485
9689
10175
13792
14125
12020
61498
29459
962
64697
30682
37166
45571
21379
23364
56070
38883
8454
25865
2772
43484
55669
55406
13200
4712
55570
57919
61461
9085
46938
41553
30150
5375
41360
17999
29449
49080
44962
51974
3368
10365
65192
8854
12344
6304
24302
21819
3955
5394
11372
32488
44506
13394
60755
22685
56272
25662
61849
56486
60925
56838
60556
16771
18563
4452
42473
6782
40252
32969
51608
33040
33715
7236
11696
22556
36686
16624
1397
52859
9125
17995
11857
49337
7034
47554
65460
40351
46125
11314
35975
29607
44293
3215
2504
27022
12372
27219
875
23157
46363
12496
64422
16730
29403
51641
53950
2436
47347
43634
60930
56996
8052
28949
39996
11436
15957
39944
17961
25283
33221
19732
61656
52764
6960
23505
48502
28101
48428
41653
34827
37410
42452
21189
59552
35681
56947
48453
63109
59471
49429
58518
8721
34527
10447
23881
19043
27923
59254
1105
15931
38243
19543
55271
21432
32590
22942
11328
9340
7675
31083
18546
35535
56260
12192
40176
23931
11952
12061
34312
7574
3576
26225
15710
63936
10088
60179
52062
5991
26519
18845
26912
33697
18714
50208
2206
8741
46302
18280
52154
61422
58796
51676
56577
45097
7153
42035
12636
16863
37402
61985
10767
29007
30995
63054
56772
48176
24878
39383
6484
49570
60174
46093
44407
56238
31503
11027
19787
12752
32095
11976
11558
37247
33408
23907
53312
57055
42696
25877
61678
39070
42264
57985
47990
32753
30884
13055
8093
14746
12272
45354
886
55282
31851
58505
5212
18971
37451
32466
54464
31435
27436
61910
47834
52067
50728
18873
47333
1235
19303
7198
34833
47050
25873
26532
52178
3500
49636
54182
62396
12930
2563
33034
57644
50201
43604
4485
16294
6617
47389
17097
9360
43031
16993
48204
57609
17590
2866
56745
28725
22176
43407
20693
60670
6220
7874
65380
19411
10787
29811
50987
58680
60106
55363
38196
54612
55511
2335
44264
38120
27483
16340
26256
28192
45082
29472
2931
49482
59381
7679
23760
831
16015
20353
35665
54809
786
30110
19953
11468
17351
60906
35817
28212
25801
40774
11288
17306
39077
28734
39769
39198
5521
6817
58575
38872
46164
1250
40965
26318
12294
3448
2080
41386
44135
41670
20070
1715
28061
233
19714
46163
61685
2001
2336
19088
26428
26433
1638
23681
45808
20701
28970
63268
35248
8973
15650
10437
38594
21167
25231
3912
20982
2989
26141
10556
42954
0
6264
5484
55552
32844
4233
38417
27765
52340
33845
36255
15338
47901
42870
50441
10057
14399
12439
29750
10346
9250
14533
11313
54401
9520
38878
26262
59743
1583
10270
1589
51315
53141
57888
32196
42515
33117
52313
42054
65470
28436
9044
41389
22084
50604
38548
65174
23133
58793
48510
52188
44919
19418
5603
34422
36909
11245
13285
26255
24618
21879
28887
35405
55975
61197
63937
23985
64478
53087
28570
38203
3545
51457
42729
28633
36219
3064
23265
27100
53944
12646
45239
12798
29615
20066
65466
49463
15189
57269
31007
2790
32414
55303
10569
19808
4425
49494
37526
27644
24732
20640
64245
48841
1921
11601
43683
12951
59645
35413
45486
20738
23627
35466
25064
28465
8850
61119
25169
19429
40732
28902
43516
1237
19385
42328
27918
32398
22322
3223
35785
30334
11980
21004
41536
55129
60647
19916
24867
56725
1554
9320
20947
24047
24466
37750
35089
49856
49873
38023
37432
42191
36108
60519
55289
7529
30262
56850
16707
19910
33197
50062
7856
59955
30816
5278
64285
9411
21366
50504
3996
16379
32867
46025
42059
55654
6267
54303
3670
22372
38950
17186
16963
65295
62182
33503
12589
23918
17851
14682
43082
64066
14827
27226
1622
28778
20326
27255
53858
7741
34005
21750
53574
54569
62584
54292
25100
22581
1127
23166
10044
52390
42601
42472
47910
15469
63416
30567
65009
4207
31916
51208
53135
25228
45099
5533
818
18567
46790
10727
26193
63812
26832
46173
9010
58459
4131
9538
13555
36982
45617
48202
54669
14303
54165
18625
58277
25896
2221
43354
33530
51203
56867
42467
16864
50324
48805
55410
64592
5636
31256
34849
52179
16227
35181
58726
15584
22113
5589
13904
57251
59932
47552
55062
13207
682
14277
34376
33211
11955
24346
16866
61713
42581
25268
27164
46130
54113
29170
36878
55233
42942
43832
42809
14346
7216
20810
60596
53651
46887
15611
43702
1824
41852
54042
918
57843
28043
29242
26694
12285
34284
21686
62976
9046
48556
18782
11923
58698
42051
25775
17136
51081
291
40910
28240
31808
31902
24004
35487
42691
49165
2264
48269
1745
7851
45164
18802
39924
16629
54986
63133
13050
49644
28682
30416
44108
49020
34165
51857
38995
41766
32255
45211
56537
43868
28648
55164
47120
40558
57066
46842
31739
43071
43614
26104
61475
26903
30865
57442
38200
64495
27698
40114
54307
21449
1363
33889
32996
52034
52894
30907
21245
10029
39808
24695
46944
36039
9145
48844
34031
2347
52756
54057
43978
22989
10554
19711
45107
63861
55743
52146
5998
15225
54527
57518
6741
1172
44186
10717
14936
8732
40268
61047
42498
11629
41321
26398
50577
44887
42476
10817
25503
16453
29498
43394
38682
17446
36839
28638
44837
54590
56579
55594
17566
31811
3140
25148
23390
54194
15339
49836
64900
31894
29179
32361
53437
35588
4269
48395
39072
34292
42698
25371
14952
16131
38833
3318
32962
650
45303
6788
58759
18236
11485
12355
22723
10736
49855
26432
61406
49894
63906
3234
7907
10435
48750
406
30983
11910
14172
33113
42471
13237
28653
44107
44552
59593
4635
28245
27185
60666
56018
30362
31685
15117
50079
19542
41627
46324
5038
50735
12376
29019
55004
49444
29995
44148
18444
32799
27497
32988
45784
28831
33780
21319
19410
37054
65148
59230
45313
26494
18453
20912
57640
23651
61831
31593
54255
13179
54932
56595
35864
22803
55916
38895
27939
65474
11409
46511
58883
25810
18709
32163
46532
52508
10776
13103
25346
9675
61928
44545
45179
43274
38142
49261
41404
16641
60896
54660
33497
41830
9814
19231
31015
44422
36151
47421
14473
61972
25691
17047
47939
32007
61158
59069
38093
22282
33827
43718
22258
48359
62715
11033
48322
52454
17366
8102
14306
6929
4073
36914
48715
61558
2917
14741
37222
63314
3569
59715
741
47161
56475
57826
52880
28384
64242
33764
21137
12972
44861
44446
62409
32967
35697
8736
17105
61052
26686
56746
25006
38283
25459
19480
45943
24494
1212
12492
25650
45477
33982
45890
30386
37135
48344
46856
61619
33467
7050
24143
3810
4247
56829
48568
60258
14284
28268
18684
30734
64045
41570
1595
16581
57237
63815
9688
16248
13183
61555
46851
189
50641
17221
18850
42410
1520
16945
17055
27225
2761
41563
61692
29424
22208
18041
32381
60976
44972
34643
58382
22614
3791
42850
56103
3238
61259
52318
22832
28561
39029
24387
4163
15539
14806
65033
36026
9992
39457
53678
47591
63745
16590
7510
51649
36544
31668
40490
63547
30457
63611
12354
29657
33925
5790
22479
55768
25941
14577
39495
40858
41313
61583
28122
13776
46313
45141
21756
50
44994
27990
25020
23500
33817
35294
55237
13044
47268
58091
56210
47927
24877
15690
31225
26507
18348
8962
40154
36850
12200
20562
14498
16622
34730
28308
35094
10310
44867
37906
26825
45392
51948
32252
54661
26113
8155
10381
44652
58585
8928
47177
30443
54557
702
26902
14256
45899
44515
36546
16440
44228
27463
60095
43685
42733
3220
29093
46116
52425
10987
3534
11072
62324
50562
35421
42852
49796
64127
42252
43550
57100
5428
56072
61747
12524
10683
38718
11295
26471
59536
24831
4851
44274
18830
21864
11642
41151
20896
7811
14636
42209
16218
44207
20270
40562
6875
1308
9015
64944
20606
16546
59575
44585
61888
13011
38282
4659
11594
30533
49673
40022
60424
65028
14034
10047
14209
48561
3121
25567
51460
1780
54142
48808
45067
18210
10762
27137
20349
57275
45962
60235
47719
3343
30904
36090
