26158
47358
9884
26670
20836
55107
56752
3625
47704
19452
40929
43741
50746
5660
57381
45001
64075
5874
12642
36783
23594
59690
27560
3219
27609
22206
65087
15662
50557
21428
19670
44140
62912
23303
32456
58842
13853
43092
64
50067
26055
41450
28223
56621
16086
3386
59800
64654
65494
18997
8986
55757
19890
9879
59962
9691
7067
36807
7368
25919
33066
58883
33280
48943
40452
63362
39688
64094
62885
41500
5467
21731
13095
53086
56943
52381
15944
18265
39900
22715
40931
63919
43071
65368
26511
54407
3059
38583
5044
19582
38531
28312
44615
35483
23106
1033
47281
30890
9370
38155
2155
65210
50890
33150
25727
57097
14379
62284
24549
63633
11886
10508
42769
10232
58737
59541
47842
30407
5914
3927
6180
42771
42875
52115
16133
33413
22516
14411
18067
55162
22624
29028
2430
38085
15354
5339
64195
35171
63910
15829
63512
3468
7266
58726
33427
12653
18768
53210
10900
56357
2975
52623
7506
57843
39861
34905
37288
32247
11362
43573
54926
24947
16290
18219
11665
42578
54207
57292
26307
47443
44005
2837
38588
31735
59123
1754
8647
23051
33521
8376
40556
29899
17911
28887
28186
44613
42793
5349
49925
27405
56167
8087
19589
52759
61692
40654
19630
47473
27962
35274
37281
23151
50079
46402
45260
8370
26404
61724
54552
40840
10127
29420
63977
16006
43831
64508
60385
53520
5995
39052
38719
60317
48633
63580
21690
35065
4780
24507
5097
6020
23800
37960
11779
3777
33346
14683
54471
36190
41495
55259
47025
38921
20716
54951
58118
16259
33936
3755
41096
51683
19183
55306
16598
19448
9148
8855
56312
37003
47015
35630
42898
34442
750
7772
47121
19788
18143
10586
30502
34654
19008
43890
5928
3796
21143
5885
18487
58334
594
62840
63215
6963
42773
3145
64998
11163
49748
28765
6213
58964
57563
14948
2167
38309
53376
7317
1768
23739
32861
46501
13005
21240
43529
16562
52185
57882
34157
39294
28045
14295
8709
35629
7468
10161
37726
48537
60163
24502
34904
44915
41654
18988
30700
51562
55449
27080
41619
20247
19179
56281
23173
60684
24319
54506
58804
51488
4952
6447
33222
17349
37418
54887
38146
49331
41609
34953
37179
35142
34976
46307
38603
14881
23198
18950
27833
60234
14386
58495
39073
8795
13680
10739
22668
22936
46181
60997
38028
5593
20326
30658
50829
7473
38135
20188
24724
65383
57002
62510
18194
25674
11692
5492
38092
4933
51591
63091
27475
11538
64365
4489
24451
12041
40293
58645
3773
38116
16665
59872
28718
52570
13690
13377
18501
48852
37360
5489
61459
52340
37196
20415
50898
46540
64573
34594
63465
35761
28327
57786
6245
55054
58044
36019
4694
56654
2920
7157
42613
33650
3482
46463
52859
14749
2853
3737
43282
56002
23693
22036
58630
43806
34577
60475
17088
36794
439
15867
28325
25448
47475
20262
48335
53854
40975
21398
63422
48704
45780
53165
31100
35896
18841
23109
7926
65155
45354
42713
58599
29081
40589
43039
65197
14700
57959
10339
61110
58444
28502
54553
22400
17646
53076
23208
22255
31630
27940
40280
44296
40409
10364
43763
65339
16823
9977
47993
47360
62285
21582
47897
9963
10568
55560
10390
43009
31823
31579
10598
5288
15001
21724
48997
54319
55744
22650
8400
18497
45062
61370
21137
41670
10687
20969
45071
34554
37120
29427
3387
24463
45160
31402
26039
7917
57650
22149
61357
54474
32599
25979
57470
65028
6333
59561
38063
12660
519
41902
5700
13229
5478
18012
17991
24906
61897
62105
36036
60530
29447
29373
9186
14545
56100
50776
20187
38016
9455
27173
29635
59831
25778
59716
5856
42487
65272
3979
15857
31488
33218
54223
14628
20620
6479
22340
46169
14218
10373
2867
48754
43093
34674
3029
51063
4902
31418
51791
16188
21989
27970
42925
41412
27032
33801
8974
20042
38802
10638
36630
50633
7085
26488
28414
54438
49356
45762
63318
32786
54476
15120
42842
9650
24486
15736
59412
34704
30823
31178
30508
25389
12330
58721
25839
39612
17335
49280
46673
13369
28985
42914
22777
9233
45265
63939
59483
18556
40072
50645
8620
59667
54390
25531
14331
52268
61712
11375
62225
13808
45011
11688
9535
27386
25971
27038
62019
59162
62267
26769
63054
20615
42220
7612
55342
427
20518
17161
13033
2846
41938
362
21965
32597
28668
55533
22885
35826
3606
58849
64555
29490
4304
59045
54682
15675
14400
18094
52206
4503
49042
22175
58251
10025
43551
53593
57930
51896
10729
16656
586
5104
37763
26149
16109
19988
24086
9934
62007
16453
20374
52717
1240
34808
1825
25033
60457
62602
1519
26368
56123
1010
55768
6341
5315
44228
31833
48583
10113
5241
60971
53397
44339
6654
10839
8406
59866
9868
48466
44787
57049
5250
32600
47717
63930
35832
15261
51561
64320
53528
41377
47533
55918
17260
54072
45142
47879
19231
63906
55478
20951
7867
1905
16921
55573
33638
47895
50622
36069
8097
37540
56146
20663
8828
58347
23065
19481
45710
60538
51962
16212
32613
18118
3531
55836
61567
16741
6844
9278
59014
32534
39780
5972
11290
61193
6285
29169
31354
6081
32521
15133
36585
44469
21729
55963
34291
19243
61303
27374
4186
47923
58572
7204
4882
53003
55483
9056
56507
310
1671
65184
34591
10722
57317
62577
13799
34345
51032
28247
9036
18216
1766
63436
13501
10248
20073
25144
42252
35732
59125
19797
20241
45532
21237
59602
48753
3437
10017
30042
54096
48177
17634
7031
6532
11149
52041
28202
8832
35314
59753
16206
3398
27258
27998
16738
57884
36215
1243
41277
52698
51574
26496
12477
19511
35966
44988
22676
5626
49904
61118
26509
27210
13943
24047
27662
31632
59701
42205
865
48666
13525
47546
30712
18677
39877
11141
29541
10394
55435
12032
41220
40354
13482
56129
19248
5481
57392
64803
46720
32877
51339
49636
34103
33146
64835
45266
34797
61427
65195
18971
54032
20725
58847
22972
48154
22905
31752
45980
54255
35903
8676
9641
14028
41846
647
63982
57620
39074
12577
32567
36470
24034
56683
52931
16468
60949
41536
38202
56446
45146
31546
64205
25247
57779
2333
46929
61143
49101
22775
41689
41973
14244
30573
34717
13338
13306
44847
2240
35464
27295
4396
2697
27511
12852
50164
39491
8163
4606
23434
40828
415
49106
12300
25972
26395
50534
20142
8612
2771
9663
46884
59416
962
3075
9943
27226
47222
4318
22870
50217
22573
39816
48595
51533
1054
65251
59395
23083
9916
1674
10999
18753
20697
34254
24725
40896
57493
22999
32293
19472
56033
1204
64545
31267
1258
25524
18196
34858
15416
61392
34744
14868
44021
1215
28660
64391
19066
43271
50170
60715
36110
20900
53649
48846
52824
30044
60209
29346
56620
51961
43825
39223
32929
20740
57320
37985
54877
5240
36956
20481
12527
38954
25189
50317
33108
6359
63644
15876
49945
59191
64649
54143
35153
29377
31622
14487
34233
52172
32713
38876
58196
45736
41066
10922
12854
11934
15833
35336
675
63503
17007
5716
22062
24354
51485
82
1535
46582
20305
44110
62215
13870
11078
11262
12754
507
59404
36653
17243
23259
40201
45844
46003
50931
34815
28970
2930
37988
35015
7667
35530
56876
61299
43227
53083
11960
8925
65040
56009
1888
14093
33410
28978
51336
58168
33870
62811
61901
10174
65217
40051
56440
29510
23559
62118
3129
43386
59279
25677
7945
22747
45453
56141
1468
39667
4657
49308
58490
34377
26788
12125
28527
52856
703
27240
54308
64575
40295
46489
11555
6379
23965
44236
3481
867
13156
23811
14055
52121
3299
32137
9497
40991
38281
13528
22486
50267
30390
19997
25191
47437
18551
18814
9636
64142
30841
386
7307
29603
35716
64338
61877
62715
27960
64739
7740
54008
6959
48388
51331
62164
39278
2585
29283
26767
28646
31593
47809
1188
1518
15217
58731
17034
53383
7704
9569
33093
19931
24953
23326
18515
31091
40547
13254
12243
3239
45191
49251
17031
42476
58974
24908
30718
464
65241
45043
34676
5947
3245
29869
30330
34585
35740
31319
55917
26843
54669
14963
20574
21111
38243
8455
54808
1900
14351
22728
34499
11113
33535
31982
63995
7467
52420
29337
59676
1015
35783
26793
22331
46629
55527
25502
4742
29205
32649
21937
50105
26698
23606
18176
6561
10546
52605
10654
40892
57907
21907
64479
38925
20845
55166
48972
19024
10371
11904
4931
5789
54145
16750
33774
35424
3931
3324
64167
20755
41808
56512
63605
12284
10415
95
32498
37816
50980
30057
28410
21547
25230
22035
32276
55674
23675
60960
500
8727
13850
18617
5729
42388
28488
55536
46289
32296
17412
36037
32388
47298
30040
20060
123
60437
22514
3643
25757
14713
46407
24512
13741
21749
28855
60775
41789
51549
3323
60048
5117
42224
62233
6799
58544
53354
40454
39898
4736
45398
46626
25073
15055
23815
63960
58747
52567
27946
33564
6549
48447
25122
14815
40413
31375
43314
61898
16394
21414
53366
39283
45092
58810
49663
1636
33910
37364
52767
34897
5106
10379
21620
39741
14119
53651
63544
12791
28830
38163
41245
47875
44485
55553
17079
12048
2463
6472
55959
56723
8985
56468
6492
22517
16666
13950
53531
8898
4806
4012
11841
41114
29863
24266
43419
30118
41531
38872
56246
25611
45244
15154
26082
38743
39281
63383
63729
25815
29659
47424
30224
28917
40701
5519
56024
19629
55745
54960
42601
60436
44610
51989
15766
55321
47512
65462
42182
34660
43843
44647
44835
22691
32185
25830
10770
5172
12833
59019
48262
52500
48884
34876
22807
56812
7588
51327
9574
18069
40579
34761
44833
25709
43497
19108
60045
6642
56540
52875
23793
1642
33592
58479
62525
27396
249
46278
36578
30903
21450
44153
55968
5722
31352
37513
9374
47552
15242
37077
46836
9055
25425
36559
12462
58620
48397
9869
8753
18058
24775
50544
39467
49990
51145
33512
61918
56496
64041
34830
63595
26232
17556
24630
5615
16227
49704
54674
29001
16587
27049
54342
53594
62520
57306
41060
22202
54013
63593
57036
63433
34862
27922
29671
61536
51194
56562
52472
24733
46321
32170
22580
50568
38046
9283
34653
47239
48856
29320
47849
32444
17514
4264
39574
29759
53918
2857
32044
5033
58749
42413
28566
8094
45867
5831
3268
30788
24774
3293
35841
62017
55221
57199
53672
45570
47824
63211
15297
7761
41814
51487
22090
51306
17474
54994
52427
9267
34580
61159
43672
14418
6318
6526
1797
23812
35067
19142
61629
57258
32804
24092
47457
44881
20161
13604
31039
11701
24579
12448
1510
53037
25938
20323
1717
55626
1802
44551
22929
44529
22074
1877
16000
26887
30738
50096
25434
3007
61338
50994
49991
52894
38419
27911
3329
29452
60382
8713
44625
9924
32687
49068
19321
36549
15380
7444
17287
62081
30375
57057
62344
38929
43920
21208
20407
10830
51361
36000
48129
16334
56919
49486
135
20284
38060
47811
9640
50006
34784
36077
60537
52521
61386
25245
62077
37805
42418
38367
8029
14789
18037
11283
58489
64046
24970
42134
1546
47653
62230
23907
29946
63300
26879
60868
53450
8413
50629
4231
51291
22176
322
41698
37173
6944
7449
37517
28688
25533
55668
32548
57499
39285
36965
31530
4493
33329
25734
36641
9614
14554
37991
27208
16301
2897
23535
60269
10933
32419
34468
35260
39547
28594
11239
21789
59277
22779
14900
33798
7301
2805
17460
13915
49677
40077
8367
29134
13913
30784
25301
50957
7910
24951
55562
19002
27430
38522
41699
37894
43080
35090
42880
20271
47449
58001
6342
33204
25536
27366
33048
6694
57290
46778
5654
8232
27083
63576
52203
38247
34159
60474
15135
15016
7094
38568
28550
32749
46132
19020
62831
51064
59921
46019
6103
31617
61070
59224
56007
12015
50230
65382
29254
35920
57451
29294
4308
9922
11466
39709
60124
6576
45103
13851
19547
39457
31047
12095
14305
39299
42787
18908
8712
56748
44744
18614
25368
59765
62179
57523
64048
13412
22001
48584
45357
55139
1167
43877
24920
57492
9113
33285
51605
53302
61790
4496
27848
56154
20332
24316
63757
41419
52197
58512
29830
12372
25603
52261
63189
35652
59672
8779
55961
43384
60661
47804
14929
47542
30611
64995
5342
18572
11424
60850
58578
25766
57286
53016
42852
8785
1587
5669
45690
24862
58893
50248
29215
3051
36639
53365
46348
49086
55328
1436
16376
59313
49138
14552
20550
43887
23020
5515
15239
10530
39284
35181
2009
37496
63959
50883
13740
53427
38430
36830
3994
18184
6456
37475
33463
4616
8169
23118
16017
21667
2250
45308
27140
44481
51158
49530
47953
38515
10022
46526
44549
40297
63577
22081
14991
12235
61319
62507
61953
39456
34446
16561
63375
6974
56718
36907
53417
39496
56689
19867
9451
12984
14173
14539
16046
10454
54118
59668
58643
20165
17472
21787
25325
39562
6087
60859
62229
16308
21632
34912
32311
13614
29567
18699
29385
30581
4467
59926
38032
36267
37674
7605
54591
53444
31727
22757
32668
63983
49234
54823
34362
7651
37525
848
54456
62035
23736
6611
41820
28960
54271
54782
51814
59976
60809
23967
34708
45609
51366
16627
49256
48985
42645
46539
33473
11600
45376
12356
55126
52446
65070
60076
33607
42355
63589
19635
30291
50572
19614
12890
37771
35279
12932
18001
41382
38838
42190
3306
25471
24207
25767
35419
48746
39568
26347
60431
59847
25872
5721
35462
27717
39188
10175
20775
65529
34502
8934
40798
11032
42889
9909
18668
57131
10650
36941
31494
50715
17346
13365
8608
58528
16944
3554
46475
23487
18898
4830
24159
58137
6686
58002
14992
60061
49017
52943
37492
202
3859
24978
46420
52761
55053
46377
27999
54510
42643
48401
48892
385
53791
52993
20251
24410
16162
50232
45903
62424
16865
54153
20470
58429
47241
20998
54194
21990
21431
32449
41259
51505
1647
24726
64259
31849
50877
58121
16509
14741
22286
51525
39335
7734
47365
61049
1170
37936
32630
45383
547
20955
31952
28520
31484
6996
23917
44537
36285
36567
5045
43791
4971
22484
9224
24390
48028
9853
18014
45654
47864
35180
717
6119
46106
27950
4872
47520
60295
48320
18164
15070
19214
14002
24746
45102
3696
43301
30933
29992
64033
45721
29150
20198
65081
42174
49644
18995
18108
22091
54443
24903
18615
52221
50458
55145
22320
55947
7981
29158
43157
15591
51761
28833
9610
44862
60263
11043
35967
22357
54539
42173
48955
26904
62117
23127
40386
40433
460
44544
6270
18140
3192
41284
3581
8292
17781
43283
57204
2655
53421
29697
35785
44692
15124
9016
4330
17562
41617
50726
44391
11817
38604
16829
62008
61173
7964
4021
26229
33873
41212
48395
54502
6292
34824
41900
7309
32472
8613
29656
60433
27118
4099
50594
36487
30613
48265
13644
4976
4140
59268
51863
41927
40130
18208
12340
50373
54439
19766
20234
5578
17536
35544
27098
64459
48782
31791
41111
38053
29582
49075
36855
60073
42168
29322
22021
12302
5483
29280
13717
1442
22608
52870
57747
50045
54868
64978
43336
13513
39426
25765
20648
18103
10404
39040
45543
437
10775
63037
63834
23022
33109
47657
42036
49669
45486
55953
51226
9676
38490
28311
21413
5838
19148
10677
24535
52473
52657
58954
14506
35775
22571
9907
53172
41438
12476
27172
25157
53575
9568
45599
8180
63005
22368
58142
61094
48175
117
54012
42721
4597
36307
24425
197
25305
38766
42450
6700
5769
25262
47858
15834
16683
51422
12217
20649
32971
36478
26758
46906
44621
13295
51828
46488
43295
53867
54594
50286
63899
34221
49769
63435
14504
59806
34941
36230
80
23281
46080
57847
45125
41683
57332
34686
44369
11011
7934
46199
12631
18722
23737
56575
19702
4046
63888
8353
745
11786
9514
40457
29514
47682
20721
8420
13182
41086
55898
17754
64216
41422
7846
29186
51478
7032
40964
55582
61032
18237
64021
51153
23701
26864
61535
7943
45009
11959
39530
62855
23447
61960
39834
36235
30143
33951
14685
30235
8758
65409
21779
51474
64583
42259
49326
9741
53735
14084
38674
28832
22753
29709
59936
59503
27200
8040
21527
49156
27126
47615
45936
361
61533
6356
56374
41423
31764
12893
18868
62004
20796
2696
27404
11014
35873
18388
49779
47925
9856
51234
2371
23311
32682
45905
2132
0
43364
19803
32213
34323
13404
43172
30139
10902
278
55228
24440
41811
37560
28602
56133
10931
60136
11765
54990
26679
37471
36611
50991
2089
1710
43599
32536
50480
23714
20732
10214
16658
14128
36456
14088
11945
3502
22127
57986
48415
65046
62487
53191
1850
56592
55286
25376
5152
58617
19513
5541
65140
48657
48149
13061
55574
26008
23404
34347
49231
56028
27001
40757
12205
7001
28652
10409
17067
2740
27610
54147
62322
25329
37317
48225
79
44864
60495
29929
16603
35918
21889
50814
48013
26669
56322
7431
44072
8775
35834
3532
46457
1304
9129
19203
17006
12297
51661
57351
19393
6735
18534
31266
7316
19594
10091
57313
49306
62937
28653
56078
54339
32981
36380
5930
7928
60245
23878
16329
18406
19257
1369
34371
55080
20384
10336
38750
25559
3969
15689
19773
53944
22528
34914
13820
44699
12655
48429
16027
47164
33371
37569
28431
17098
23464
30283
49342
49681
365
4343
16783
44898
38981
45966
16023
15815
18786
7718
29943
17167
40871
13261
63142
63182
61483
5528
36994
32341
13100
9183
16898
20700
47456
23355
63023
2168
28435
63825
53600
19409
39114
33642
30894
44141
36009
27777
64307
13849
39902
15793
22531
65388
26626
39719
21975
33674
18422
53731
31819
64347
53173
36016
60694
9076
64949
36664
553
36338
29166
59611
42339
62777
9001
39832
15340
34634
61909
47974
5897
43803
15470
24052
1224
14064
5829
26782
34048
14875
47265
27470
491
42504
56169
59140
48827
29390
25459
49084
24063
53378
39390
17273
52771
3361
7958
44945
4156
4241
42485
33724
28457
44404
53761
22705
51243
58527
22266
60712
28339
38817
32255
13531
2007
49805
8949
37426
2298
57031
6107
57728
43182
9911
31
33305
30146
49377
41159
11788
9235
33721
39062
56693
588
30051
173
60167
32436
49749
24066
19525
45634
58491
10986
17528
6907
46695
47393
44173
41743
37539
1134
40787
2253
46676
48977
60874
36479
51774
33232
368
5159
11892
30966
22793
24554
11655
61874
45350
48794
47803
14766
58825
1646
46009
40392
5189
18622
46688
38652
44442
17767
35784
40235
26189
5480
34565
63163
64539
4226
4440
50763
22709
56586
41326
50602
31710
26877
43643
51842
27075
26558
33804
4841
37414
48032
16928
16223
18778
8200
15537
59937
36816
41354
6710
29450
7743
60968
11804
7239
51046
63510
5994
61363
61959
31277
40821
62895
46365
20398
49790
32716
20655
52151
44430
43911
64198
31502
54276
13498
31756
17168
47544
44273
53
39948
36800
62807
36239
7013
18475
20282
8445
6544
25041
23316
5523
42122
38807
28899
54938
39701
24639
29904
54719
53249
39598
35608
38412
32557
58274
28440
18032
28946
32860
17653
30007
45064
18159
4448
65305
3850
23787
31770
39863
42246
32208
34074
54262
12678
22521
27390
19656
64683
25208
18010
10971
11338
21357
16614
29707
56289
31215
21643
13650
7169
5064
25836
37335
59307
44761
14415
47599
1229
60655
44966
32421
16444
47539
62538
924
51376
19164
11567
51041
58549
44295
59595
61547
41892
39191
16399
13345
14145
21856
54841
43512
28218
8182
8648
52725
6305
8288
40492
57083
1365
23214
17804
55418
9494
51821
13086
19715
59628
37547
28518
14039
55519
38288
56332
61460
47088
51939
13672
32735
49557
1524
30080
36979
64168
813
8582
36980
53558
23912
19751
32889
31715
34742
56089
13138
20007
1921
55179
58057
45411
31499
29699
43907
11396
61003
43434
2912
39470
64178
3204
6211
23562
53218
15733
37836
27565
48382
18770
57409
24771
48465
63638
37787
1135
29492
6202
2617
53545
23149
37020
27024
64581
54310
3009
49316
50738
179
19579
65433
65342
28047
44395
19374
9284
13684
29484
29347
42088
34771
34781
26857
47214
54723
25753
59257
48440
7137
54832
65396
43909
10736
44343
17896
30691
8192
10822
58210
48378
42788
9882
45553
5825
64749
60515
60186
33017
31580
51980
63020
52543
36815
49555
41168
60467
22072
24307
55475
16176
12622
39787
28834
40177
27981
36309
21676
41580
58632
9605
45696
59712
51662
62534
45519
5105
55983
4940
47244
20168
28082
14283
2243
53700
34715
1707
36707
26892
54374
43657
21835
35889
29072
38831
5866
2908
4105
35816
36112
16089
38127
31132
49355
22935
16557
61783
25158
62733
33212
20991
31254
48640
52130
15228
10988
53225
14073
9496
3107
23310
64569
15512
52697
30674
14890
1076
64501
12724
11057
2707
15252
51972
560
32113
21370
14390
50640
52394
3804
6269
7834
33103
55743
63098
41161
27689
57125
23426
64438
50807
40158
517
38990
8507
39298
24434
24012
22604
44010
10198
7992
37110
15907
29066
32834
39140
57393
45960
51753
49814
17567
46903
65534
55622
7567
48696
64871
31540
41499
15597
35149
56865
3423
15188
11757
18141
23126
59101
4005
46435
15925
64687
2826
52507
52589
33035
18519
21167
16953
55835
57877
48489
31275
46542
9059
9774
40836
10699
51885
9240
20966
18758
5035
63171
10471
38271
8906
44776
63317
16906
13296
63357
35461
1375
30287
14760
13858
53143
3331
2656
20344
1799
5562
6158
42648
19268
6841
30290
38459
24438
15335
24035
8414
45305
52462
19671
50688
22100
62764
43729
41612
60915
18479
38387
61280
46677
44327
20933
32197
53803
32637
49673
13541
9405
18026
35580
31556
49638
41761
36916
28950
47286
50400
54054
35888
10955
53502
37848
4067
29884
26278
36499
32667
53186
46868
1284
59858
1844
1220
47933
617
37868
38723
5859
31115
54170
25435
59335
48095
56488
7302
60517
475
55656
6124
52045
951
45205
64187
48132
12310
24524
51300
62483
24760
428
42947
64098
54055
59715
35989
6179
22410
62828
50477
23138
7882
45925
56435
13810
62774
64999
12924
6599
42086
41737
7784
18947
30644
54049
48984
46538
55068
46643
46974
53899
31376
33733
9495
38015
10244
31541
5436
50612
63877
19593
62250
28623
55877
26161
64299
48873
25515
2370
5750
23143
10485
8953
21967
37675
41854
2840
13479
55156
60249
57860
30228
26637
36296
49607
5139
20982
51374
37297
51771
35007
11598
20660
29643
54019
14514
41383
36314
36028
45850
15842
5337
52607
31683
59632
63253
57841
48816
31817
14922
41943
23749
4638
12266
13701
61461
49254
26923
65016
8655
44061
18606
28583
33675
14614
35133
10712
27871
24649
2699
57377
43748
4620
34997
9700
21613
59122
1268
7257
23066
51894
21059
47161
21977
12926
5401
5534
39678
10648
56887
32529
55720
5950
27541
26800
24246
47585
28613
19207
5054
180
56138
2396
38998
28516
54671
47149
54653
3072
50611
52680
29678
38457
29252
48573
25756
44838
36656
56135
1919
44665
50390
36049
8573
11254
31134
15030
28167
41409
62226
20533
26247
19821
42391
42424
4070
57781
22762
14404
43162
33549
59149
43267
53724
16920
46753
21230
7728
31859
51190
1622
60540
36635
19444
7530
60392
57590
18538
32034
56021
58337
60511
41314
41573
37092
37830
49675
56848
49558
30958
40187
34364
33556
45184
30952
38780
56175
56636
2926
43323
31645
44355
49064
18284
46561
18464
37342
20346
15726
34908
8654
39708
58330
58480
37134
46592
11827
46844
40763
48941
38620
64395
38242
38914
40921
46195
53264
25236
33946
38007
45004
4212
58353
26470
52569
26665
31473
3471
36161
34545
32423
29706
34403
17449
55646
35764
61755
37371
3658
37093
14599
15462
37734
32210
10443
5058
61534
41907
2352
13871
29804
15002
45218
10609
41856
61124
26957
27570
11634
57865
31962
47983
26868
55158
5076
56836
9559
31598
9609
39616
14559
40496
13838
30358
6991
3125
40294
10488
40453
38175
5794
51367
20204
43276
24104
27228
16519
29741
61050
35962
58591
34677
4341
18214
12258
19856
17423
33661
45155
37075
25354
12320
40327
32566
13777
47010
10487
49966
58846
64735
2447
30482
42828
53308
48464
50976
21576
12000
63390
54986
14473
36539
31264
7382
30281
4659
5628
64470
42996
21635
41581
40653
32703
26846
7698
21648
48021
52643
60942
22153
56574
47333
20261
11766
8639
7816
18568
63159
8598
21562
58058
64795
28684
15131
41875
46119
3552
15682
11441
43382
178
61803
41014
33806
2976
6899
61699
18124
15744
63332
13500
31612
18820
26285
47031
33010
47886
35883
54114
17581
41124
21823
27063
59202
28752
49460
8892
32184
7524
32282
24051
56311
29637
62834
7193
60898
36925
60516
54603
19195
36545
46389
32500
13792
47976
3538
6690
41036
53547
27721
38375
17809
10374
55502
51155
454
34996
1346
6079
43480
37164
59598
23287
60459
20233
55040
12466
7801
22447
30817
50920
49724
46172
56811
39716
30133
29868
56964
57473
34021
17357
45217
4608
23221
18136
14878
1085
60001
23409
46025
50801
56679
20876
32814
64256
39802
59931
27237
46005
39617
29249
61052
58068
8993
43864
33517
39469
12324
48355
13135
27176
59596
61034
3628
42460
27673
14174
39414
7936
39924
25473
65103
38188
64568
22949
18197
6643
32680
35627
9177
9288
58907
16025
33182
39916
29508
41704
46219
64488
18902
37055
48194
60805
31198
53090
64829
19381
23505
20753
6743
39587
11018
33690
13845
33350
13218
47646
63170
9630
60019
40485
34075
61646
10870
12871
6796
8451
6445
56631
61359
61148
43058
34280
38077
47839
39445
12188
53524
52634
60619
23178
11467
44333
43532
18763
16742
59987
36221
40372
6070
3023
36363
16258
3362
41974
49206
6834
52081
26290
16720
44818
54304
3669
1618
15663
37228
12964
22211
57193
23389
59163
27685
63786
15758
1359
34268
4568
15495
15902
61738
24665
31450
25994
42276
24089
43521
712
13575
19556
722
22246
44317
37264
3432
20802
56177
13481
8552
2869
40080
29230
24323
42000
65513
15930
11587
56324
18271
22451
24485
40622
41350
10786
9761
18815
55927
46077
11105
26604
53804
11406
12375
348
1032
22498
63988
21537
3638
55915
34973
29722
13034
44419
38344
1794
48060
56270
29930
50084
4605
6967
63139
27661
57869
3982
46948
171
51320
32131
12911
