27278
46732
44085
7547
59156
46564
7923
62301
49181
32297
45949
48366
48909
16942
64649
61540
45598
6299
10618
55764
14851
48835
56704
13172
20678
22016
13696
41158
57250
65330
2187
46673
2241
48094
28607
29359
41674
53545
23396
26994
65534
61650
58051
29485
60732
33157
61058
47460
31348
54203
26826
25655
8384
49358
60749
28587
36362
19734
33725
14751
728
56456
800
55281
53672
54047
4432
45256
5619
51998
24285
64436
16683
10926
30916
49794
34899
45333
11159
16543
3454
39222
38668
62575
30345
38336
40672
48205
11191
51000
64158
48185
63013
5691
7136
34811
51612
1652
161
54030
16597
21798
143
38839
1529
51696
36350
2684
12338
14658
41212
25142
12397
49068
11466
44584
28149
16893
10049
27190
30737
38675
37313
30447
156
43715
40580
14948
26222
59927
52648
47726
11022
51148
10614
51375
48656
15066
65073
32071
61861
15688
3981
8436
10565
46745
54694
16141
63886
49500
45274
42141
9460
15620
33114
48491
63171
15266
49831
39754
20487
7839
20272
44628
35869
45872
33143
46003
9158
46394
55441
38035
6859
20347
46043
12750
45495
61403
65074
53823
24732
2596
50349
4618
2536
12663
51219
28027
3677
36684
16816
64589
63763
2313
33768
47819
7013
65238
64652
64815
42241
17231
34687
19100
29465
38129
23997
5746
15898
34432
26128
23921
56213
41386
64951
65214
29377
45648
33693
2064
58920
33315
46433
44899
45829
31607
24129
10684
23841
48098
29502
2072
30205
53297
30764
63274
49568
57987
54131
49475
29225
43271
18822
62241
25671
5462
40702
4339
20521
57752
5360
13746
47092
16860
51842
2425
987
8953
7933
15861
13726
7549
11627
4882
42310
52683
27879
47225
17471
59347
59943
13491
44076
12781
37974
28394
6224
59517
26035
852
24999
4955
36277
48015
19838
35410
16240
1336
29930
1462
24431
51972
63195
37232
33926
46712
43147
33675
25412
59045
48186
432
64364
42080
12303
49701
21690
21896
32224
11378
6777
18773
24029
47245
43829
24120
41556
47718
37045
18320
49048
60449
63754
33749
52302
35026
10161
10771
16721
49913
62590
2818
1884
21647
29167
40852
24374
47764
62928
17978
13354
62352
60803
35576
49802
48707
20170
34063
56740
5568
23518
46217
38435
39072
17437
15835
15543
18354
61587
11782
51006
28864
58722
28732
14378
61863
52912
15502
32623
49641
26979
42736
29934
23617
52823
16800
62824
63982
56379
6384
8555
24098
30862
56759
57467
24745
59836
55210
34369
2540
56739
55484
36664
45688
10063
60685
21058
62114
61994
56527
21750
10191
28241
13133
57728
15089
52866
45224
24203
15966
65336
62435
46066
3442
37460
18725
43970
34768
60330
26466
51205
48296
33170
54178
1913
18484
5688
4843
42793
3498
56913
62803
1870
1012
5093
29159
3970
49899
29802
43521
53739
41921
55448
16393
10398
31671
39267
30086
64070
26833
17435
55427
28698
31422
15579
49129
59034
50803
66
51682
34403
64372
50484
12993
53953
48985
60003
40116
36296
36322
34132
45367
58741
54504
36921
59228
27057
48145
10414
64810
43266
12370
43052
15357
16291
18654
28024
40704
46655
51705
1437
28623
44366
59709
19391
50283
52256
64033
47686
11487
33645
11038
65064
58863
41308
45436
31501
12763
41818
65244
43350
65475
15043
25538
41023
45860
61321
26126
56066
8498
3006
38660
12838
59931
40046
46158
44404
476
1704
3684
60421
21036
3444
18417
37194
9262
15212
46652
56194
44674
41839
22417
23459
23452
865
28362
52167
57841
48030
64330
18683
51518
12531
37394
13184
1378
26552
35242
44329
1064
32788
47152
9480
39805
33062
31842
16931
26443
7943
6772
61377
61902
8909
28867
13433
27816
10850
58223
47757
14875
54144
39972
44856
46261
52198
23450
11312
27312
20330
24479
48247
28816
57558
2248
51647
40888
38817
25586
16688
11010
55791
57356
32164
10580
7194
10550
4478
13741
61400
56114
7948
27821
59243
8265
11469
28180
48593
50508
49522
13858
21431
45719
42226
52931
19456
13754
63907
17893
4103
14994
51104
40777
14379
22685
32811
333
18268
29688
38884
32317
57183
51577
104
50514
53994
50353
4898
19891
4941
33994
37764
49045
51349
62933
13654
6120
50316
4821
36030
56663
48797
35324
46160
7053
26578
4683
37989
25928
56926
64903
19095
9422
55607
21220
22087
51407
19723
54982
4990
34646
11812
53935
39399
33353
40700
7387
43225
44357
18309
42065
42981
41458
23295
12146
44328
4859
56481
22788
48111
20591
51338
16440
64053
2726
61964
39692
43264
26473
59145
44307
37185
52571
49939
53185
44590
25813
38253
9402
25176
47083
10207
59710
37670
7451
21718
34247
30048
40878
40448
52505
57678
14219
36548
39645
57201
8982
43546
14764
42587
37360
25683
10325
7293
5701
14164
46247
3813
54455
26412
42184
6877
44567
11039
56924
32577
41802
8851
62688
53510
20759
1518
51014
54226
25381
13677
54419
22924
43425
18937
59533
65386
17547
2764
24077
59438
59824
38590
7583
60151
53897
37474
55774
26048
58445
11709
25603
218
46040
13994
8326
48969
23804
2888
3303
32174
772
4671
2910
63526
35431
32580
45562
19422
44235
21156
7517
5700
15857
8701
9692
60674
19730
29825
5010
49729
9045
10781
33477
55985
17160
52741
58291
45774
5052
28640
56092
15636
14313
61671
15031
7064
45127
6135
11775
17064
63504
47955
56139
46487
63874
63256
17605
8443
15967
6817
50763
44544
35165
61365
48648
57512
46757
22280
40149
10991
2884
40452
47226
48939
43123
22772
12034
5279
14991
15041
50729
51259
49368
5798
38046
5037
6795
6150
42842
26312
28059
1481
27846
35726
64502
9713
30096
40001
45241
48379
19578
40248
24754
39604
58024
48225
38637
42183
24382
21118
17282
58580
62680
34234
31458
5165
31275
32734
55134
63009
12733
39715
31797
45148
5489
28530
33452
50218
28141
49902
47797
42288
53369
33883
34970
16674
53600
34890
41746
2035
45402
40453
6861
23444
811
18382
19683
38513
13833
17829
2121
51033
11636
3836
51643
7636
55051
24667
38948
48744
47303
17948
17823
22862
56018
54257
40901
1815
55255
59006
28331
60482
35018
50549
16907
44820
58076
5618
24713
14098
48045
15585
2848
23276
57501
54821
48671
18829
5863
14923
21311
35453
63682
14185
36376
30783
1278
16887
33059
37062
40520
14303
51540
11171
50792
61990
32487
22137
8816
34740
58323
38819
53616
60234
61194
32749
65001
43683
17531
32775
19105
34103
32940
49603
29939
20199
57566
27018
28210
48233
12595
41247
45828
49790
42441
17797
35117
47576
53820
18610
56419
6354
33295
19437
43513
15881
60454
36284
44061
35327
47682
35930
6716
25460
63231
19815
62403
42235
55539
59655
33407
45281
30377
58007
24484
38408
25866
16537
23126
3516
57882
6553
21229
51217
55492
60607
752
12674
20623
7203
56919
11373
11311
13658
39299
43604
50628
20209
13018
64435
50767
54299
24328
11776
41892
31550
53284
31775
34057
40636
31594
3900
63165
33973
60378
37265
24007
16421
20337
53922
38041
22126
14937
58282
12574
21844
16482
32028
49539
36464
1867
34362
65069
63000
57198
51300
43403
49834
12413
15605
12874
31245
46814
48278
7026
55368
12394
52005
10480
50275
41148
10776
47180
47843
44446
10553
195
4851
51941
64602
10620
58213
29027
45709
20117
60322
59727
36168
19424
19321
52047
7633
14834
26358
64093
50556
41328
42142
24796
9298
16086
40521
43705
47484
1123
57073
43721
43085
16116
52086
41043
54539
45825
47062
62425
11982
42955
20748
48716
17275
1016
53195
42528
22346
46012
49217
34822
50204
12889
45300
19894
13196
39585
11081
51084
60169
3253
6064
55745
62908
22427
28736
7531
18521
49562
47593
59054
3739
39157
27942
28026
42931
18988
45921
13827
52237
32307
4695
687
4286
442
48306
60787
22190
41987
24546
49928
25028
48857
47098
60625
56287
21760
16848
51762
12229
27236
55179
30141
59077
53868
20308
3977
41192
53339
6482
40483
52157
49202
60248
43351
39294
62830
30815
32736
50846
37536
48459
59873
63444
3665
40190
8881
43857
54712
54338
30211
60035
11264
21704
7567
64848
52654
21736
63222
53503
54999
29276
7944
57395
33732
18815
29523
1425
16671
939
2080
34998
3761
55682
24321
36122
52118
25488
21205
6459
29280
40155
2574
15825
30515
30002
36694
27951
24596
43492
10869
24170
52038
28903
29654
14347
28786
30243
60013
49858
25312
38917
64472
36968
15672
54618
37103
39115
62221
41704
46326
5964
15149
35948
37395
7610
32666
61799
28229
13348
53397
29727
31431
39631
41391
63164
52113
28052
35578
19485
35815
33386
8296
51802
38476
62346
43367
34606
36349
37481
13456
32396
5558
3952
2065
57056
17912
19351
38306
63888
16796
26658
15993
10421
17575
45398
23793
34820
31737
47521
58743
58370
7512
27015
8797
18314
43642
48422
46150
32544
40865
34097
37124
26849
25755
41589
22736
55643
49078
9530
49969
65138
41115
24605
49706
28835
10797
43076
15829
26582
8497
39348
31317
34406
45002
65328
41140
46680
10673
51231
6699
38767
30106
18523
16850
32829
26779
62100
21677
53618
41323
61448
7154
43045
8617
15120
41311
59985
40148
4997
5057
50783
24876
56132
47704
36001
61677
21525
10231
56205
10649
33856
18219
48326
53644
51303
45545
12820
61922
10950
43507
5757
16811
50862
20670
58277
245
3637
21886
48685
25503
46961
56040
40859
50153
24249
64807
7197
58120
23140
56571
6287
23475
6202
13571
48414
4297
58635
38574
2307
19921
29687
5368
52129
38840
36043
3803
48666
36441
16128
9880
43364
46628
14671
48151
52792
41776
18067
46699
38235
54146
5100
25483
33481
29208
12017
25000
11548
6506
44655
15157
28211
269
20279
51421
32836
37380
58099
36226
54853
61911
32469
45269
1489
15085
44152
64174
32184
10788
23875
9506
15453
40771
46728
44527
5624
36370
46246
48065
8757
56351
21325
53947
13533
37620
6383
50860
53312
37920
40339
9819
11581
59412
50438
18728
7288
55260
43801
43089
65104
58643
42028
12815
52283
44120
2152
14181
32972
42961
11784
24825
22973
27094
4644
62699
40281
7079
48999
7246
63872
4609
37728
57777
18973
62671
33565
41971
18896
61768
44243
59926
46733
47394
36743
10751
35237
26520
50782
20646
4920
32239
4513
13997
61096
380
828
64811
50715
594
61889
50547
30181
50381
58891
49103
36755
17737
2799
57801
6902
26131
38273
24601
4079
63409
36363
62227
16757
6748
45239
52944
17635
16601
7450
7789
33177
8493
30102
28498
28196
24811
25556
49599
58515
31262
19660
17928
63350
23438
57497
57704
57986
24432
14213
60061
28914
54624
33149
23486
51323
4648
19483
57829
56830
965
27556
21845
7919
54443
28558
32781
23384
37105
17511
54088
47150
3754
37635
57796
11576
42279
11307
19629
2642
4402
54474
58922
57625
21154
60671
38305
27281
53754
7208
40633
18617
4241
23878
44050
32148
31165
31940
56246
58162
57979
7063
50216
25471
53605
41725
35102
24260
46229
8595
50457
21183
50784
63318
6271
51053
45325
30529
39382
10586
21116
21450
45646
296
16292
55136
26309
15849
17436
14235
50942
35685
54872
27459
28019
43072
3120
1086
8016
61900
30122
48928
59224
38443
24107
51917
2234
64570
46416
14128
26984
53855
60701
52825
3711
54087
46633
22645
41631
13059
14661
49823
16186
48430
56435
52872
52537
16436
5411
7435
17728
58063
32938
59962
39313
36990
6356
26803
30450
23529
36341
20729
45896
20377
26545
39154
47827
44378
45291
1181
36971
45879
11139
45179
42563
31904
44523
2441
23656
25717
18761
63087
32438
24852
52276
16011
23781
65448
13473
26403
42462
56370
3762
1377
34790
38033
21600
58025
38958
9573
27135
46128
27274
13791
60985
27200
48324
47580
64132
6824
45220
19623
19400
27858
21140
58263
43417
51333
59270
11202
58825
8090
53212
807
23388
43399
39026
42500
32777
45093
39603
54098
59658
42251
62591
30411
62739
35035
45189
64163
4914
961
14820
11023
47509
1118
2430
18551
63590
43882
15060
17705
56688
7987
4597
53401
58719
53483
24924
53987
8399
23106
47112
36861
16967
64249
53507
37864
20802
6436
53109
559
49082
42151
9505
61370
54775
13239
48396
35238
48657
34840
23379
58857
40752
52840
24618
27172
36716
16662
2421
4905
62842
24262
15376
15343
39314
56330
64446
31834
59072
31116
65393
20931
63568
8556
29940
1116
32761
2575
30535
44797
18563
49153
14870
51753
17719
30107
40176
34008
56891
23824
43854
3965
64419
48781
58730
46024
6683
60933
60254
16125
55167
34040
48816
22525
65349
44437
11416
43110
6309
16737
26878
35385
54662
28888
55387
55564
17020
15591
3540
13488
34115
49800
8703
39496
63255
2012
40022
23482
57230
7187
51669
52756
50025
48853
1696
13740
45937
59330
38284
25925
54823
39696
46902
19977
49852
9049
64312
5513
49557
59229
17113
36374
51607
32496
6331
56548
23598
23300
7457
15437
56280
51265
49310
25459
61777
10198
48199
22298
26960
58700
42423
55404
1075
45071
812
45131
15567
9651
21212
49807
16917
53099
62150
63834
1839
17798
58916
48267
42491
39576
50077
31683
17759
13939
36740
12102
39965
28115
1121
40182
51832
39655
22725
52245
14981
38084
19411
59315
31347
2296
15928
50794
32381
55027
56402
31059
60578
7280
26026
31855
28172
39560
1945
6031
1586
9265
40572
31303
20234
22335
4501
52347
24555
60290
29624
10101
20213
45566
15347
25721
15782
22644
33619
59240
61709
60480
40414
2068
45193
43408
26963
5050
36375
10933
4276
30319
26416
39710
48616
55113
2112
59530
45210
51103
19680
39498
37333
25115
38993
29640
19926
40708
64634
50834
55515
37486
31103
34504
13205
35094
59515
7004
15038
7069
29581
60041
57818
5295
17894
20000
30398
40424
10036
37120
16932
20043
49813
60875
14526
8166
6341
56998
7710
5756
8516
1061
37618
21303
53105
32276
58856
25188
12927
29915
5632
50962
54576
28248
20711
27038
39406
21064
40333
57197
41815
35355
2775
3768
28949
9856
2951
6019
25206
35257
649
42614
37414
51895
42946
166
15504
49943
64567
7798
12541
52376
18197
3726
29090
58103
13811
17594
3638
61355
31704
19169
59968
8467
47159
29525
17707
51561
11570
13776
41619
45736
2093
46328
41402
18750
39863
9393
2218
33388
65297
46556
39354
58608
23635
13287
57673
37319
2730
40730
60172
22446
20055
48136
63237
38770
43844
27061
4121
48358
19395
4434
35926
37100
17276
55829
22248
22047
19430
12027
20370
62750
18771
15635
15850
60543
64138
38156
9145
42920
12153
9958
39923
10865
8421
29753
20473
45954
1298
65296
22637
55795
24065
8771
4646
26474
13951
61615
63953
44860
59383
978
52665
5856
37807
36549
20593
12122
33942
29873
46265
36486
25417
878
5189
38448
11727
33435
23860
44759
53834
53520
8049
10507
37705
10040
32598
22095
13393
26953
56709
31960
29196
51433
28201
22902
25360
47007
11180
59522
12162
24797
42548
24471
17632
12351
34801
7913
42552
34846
47284
52744
37642
13423
30290
43819
51402
6136
49172
6188
5571
56619
54573
25809
62155
49613
12438
26360
55067
6872
15207
57099
9957
655
12215
21261
5890
62009
1641
28063
56784
49060
46146
59025
1935
62974
7119
57215
52764
7812
59954
55751
1460
14190
11583
227
33664
32479
29496
15447
12788
50445
20468
9352
12588
19087
1246
27602
61582
55247
55565
10010
52436
37737
9048
49081
14124
55129
10723
21158
52704
2451
21800
9705
47573
11683
13749
1157
41406
10520
17982
20574
45629
45827
34821
52043
28282
24550
22333
44539
15294
2999
5883
38145
6463
60824
50104
50436
11906
11598
9801
51137
4986
59358
45098
30118
64595
23980
20183
593
29150
13564
2644
52727
33526
40404
5555
16273
34028
3354
33241
41910
1711
25333
39957
1899
64441
16138
45023
65224
16143
27994
50403
64756
60388
43925
55548
17788
53535
29864
44216
21606
27695
56307
19057
41180
46756
5858
23044
54380
15324
33048
58805
10509
31038
53871
33669
14394
18922
59501
15996
25049
64665
31751
59491
28806
22432
39335
41831
18187
47179
28477
52008
36844
57708
47871
33578
16561
41588
64271
53565
44099
32799
31822
47056
32922
64526
33722
22181
65280
7828
34909
43385
54417
40677
48951
42990
45616
47545
20102
54877
33182
35960
451
2814
26268
56485
52090
41399
21902
12536
59685
23859
48654
824
24581
14802
15592
8426
13334
1703
47161
10262
60085
26462
61741
14969
46017
8900
65048
21508
63702
17030
41291
399
60887
39793
44473
12580
59975
11873
17608
2233
62342
27653
58039
34393
45446
33609
28502
26759
1560
2258
22805
47271
31001
3407
47124
63108
51270
37466
20772
288
11587
60639
36933
6046
26202
28245
10733
60146
9799
24101
24160
27600
54458
22562
49720
22336
39316
56459
11355
39819
35219
61295
19632
45742
61958
28493
11540
62113
13364
4128
769
31498
31110
23771
59804
36224
11133
21308
24335
29977
17689
53501
22518
60227
43121
63577
11967
25291
26218
55327
62918
30285
8895
5518
45096
13613
15442
47611
22428
2142
55868
18124
9777
62800
20397
58602
58773
17439
27870
49530
31153
24274
2282
34904
26448
8146
3421
50749
25865
16412
46423
2901
56010
64426
60430
58187
4916
44159
58707
22226
52747
24897
34624
18312
57458
21475
60599
32801
47438
28604
23912
25703
28448
10973
24192
25405
5508
25525
44652
59900
24739
43649
51042
49931
62444
36613
44857
54519
48953
9172
34589
13588
63626
38754
33063
44595
3527
2378
33397
64751
8947
60130
47201
5996
24306
36125
27508
49384
60716
7385
22767
26703
8073
36649
12432
25411
29680
40678
37230
26372
27253
63912
21705
48338
17584
12878
13934
51263
27998
51800
59534
28070
2941
1188
6396
12464
31641
8779
9014
63831
48611
52421
5104
64738
46227
52709
45633
8847
64289
18339
7391
21549
63768
11733
10279
20153
49166
9701
35642
58912
22961
36420
24485
45594
63357
15982
35231
10901
46540
46067
37276
20858
46241
10454
60113
52503
7477
42887
31138
12114
46580
9257
26212
14757
16711
23975
25038
58684
46978
49088
38
52750
16702
15642
60864
63684
30848
25256
7629
26125
30645
37364
22326
9723
20215
19999
43858
33012
50106
52182
18911
45249
18703
45678
30922
5497
9525
52353
5831
57388
36882
23562
4070
43668
21457
60553
31198
23959
11424
19436
60011
15382
34936
34428
48601
58540
17959
36297
24333
34138
731
9853
14463
50141
46697
25549
10634
37126
19722
40245
29178
53794
25056
19593
2711
60336
10629
10528
24670
19043
1435
39117
59662
62870
42820
19181
1142
10636
30232
63085
3782
574
12296
40416
26957
20259
23995
18881
63117
945
59035
51017
19478
56955
45108
34875
38487
60600
34598
4237
3727
35403
13785
17460
27201
46470
39171
61341
43645
198
23566
45200
54987
8673
8345
53499
51350
21885
41299
19026
60205
20587
9805
58999
29708
4979
55308
6139
52330
62981
34659
47537
10376
22904
24936
18644
37156
30886
17684
60518
2636
42966
3985
45058
24394
44835
1271
21251
10386
1620
4047
39368
14377
4548
58872
31243
11834
50822
42805
53115
41168
11987
49892
62450
57647
21841
13234
51868
64401
9252
55460
8751
10540
5087
43500
62592
50947
30087
16490
47081
61674
55445
48176
41336
52661
993
35
46661
46603
39448
59304
48639
62783
35139
6566
9008
53142
53851
37866
19731
65525
11721
35354
12955
23999
14457
3133
31010
33864
49937
6047
32735
9246
4722
49773
20019
54709
39758
56932
6804
25030
56611
3065
39936
10936
51578
42013
6633
30678
11616
10416
59117
18939
10021
57347
2942
10362
8666
64181
54253
39671
44197
61656
49267
14873
48943
22524
19157
50359
1147
41816
65220
33680
31041
4635
6319
24276
8582
34509
14232
19178
56530
48375
12334
43436
52474
60829
58019
54988
39795
25456
4614
56693
14180
10159
24681
63943
2073
59970
63986
49407
50705
15856
9532
32122
40086
48339
56938
23022
30228
60555
25899
6831
15186
30012
31702
63521
17968
41524
64150
3378
32873
15016
30040
50963
37752
3804
17819
12963
50910
52431
63206
55109
48795
65394
17485
1241
62297
52023
27915
56430
12106
24352
10625
4883
31598
33134
45639
15302
33640
27718
47522
21091
45817
37256
8325
60002
44577
22852
17607
31203
59991
6843
47860
52900
23402
19750
4746
39287
21086
9897
42527
61070
25034
11357
40974
32289
54346
32514
1975
56584
44091
3510
3645
45504
55263
22465
19881
48309
13458
25302
1816
52427
60001
33385
24510
29418
58228
35103
22468
65039
30831
57518
13352
39934
48512
49798
1027
59290
64367
10125
7664
22567
40550
31867
58660
51679
58745
12381
58828
48911
4463
33663
40674
8284
62950
60857
51594
11497
8361
22237
6717
7396
7753
11381
58234
37856
27290
35962
45357
37011
38824
45418
24882
55497
22037
27437
42089
8351
11414
65430
40340
290
6883
26851
15900
64712
14266
37051
11363
23055
62647
2945
29396
49555
65292
40690
36987
31956
24759
54220
7294
20106
1129
47200
16734
29030
7180
64560
36504
13429
63875
32218
21555
57717
61554
51384
6045
18097
52638
49578
23443
29853
53276
21376
43584
2689
36023
39180
19804
23127
18742
58893
43206
7329
38045
60990
57900
50254
35395
62704
49938
5094
10284
64171
30382
23614
16418
61760
287
63033
18784
29888
47378
23441
1273
28685
58125
50356
33076
36378
22353
50459
48893
62233
30495
27750
64310
17358
25485
24686
33418
49626
22360
30779
38265
35770
43542
64240
18603
34523
55880
55756
63814
61353
45507
57283
6673
38765
5658
38977
41597
53439
49615
54713
8011
14142
16025
62323
45934
34929
14641
40877
36502
32498
2641
38450
41883
24616
14947
56215
17458
26706
64788
63679
1022
30545
45134
31749
5595
53606
39202
10816
65459
44413
428
58941
15104
47945
37907
13795
55622
64959
56498
8748
11285
34732
3910
9800
12001
8356
17256
45122
53649
34290
23377
34062
28846
46840
58324
17330
12270
44645
26868
2815
7254
7991
472
28184
41844
7870
56706
59569
57913
12482
18045
63853
40511
46855
47834
61545
42086
34018
16882
47701
5408
13554
7284
10235
17655
51628
20087
61663
57949
56632
48041
51238
50180
3190
12348
1991
21925
12452
27473
1419
3372
64496
50397
63341
34402
17334
26209
41086
14655
7631
6576
50079
29442
14849
19690
20274
6363
50934
46640
33425
51928
7219
35504
6730
43172
9167
40639
24937
37370
50144
48112
2191
11565
55584
23505
52077
11808
57329
1483
47456
20424
53776
16768
59592
35241
23846
2880
6440
63589
29486
25799
34647
53990
34810
7378
48493
62611
62626
8334
19352
18257
19277
39552
52192
7162
16101
26336
24148
65319
20852
5664
45335
10119
28484
49679
58083
14613
63345
10600
6170
45538
65197
2244
5965
53986
63386
12407
43718
3320
17187
50499
3799
33271
2171
35987
18532
45360
37408
4642
11706
54184
3776
56352
22343
20960
37056
28054
17285
39125
31968
36295
49840
22632
49636
22930
25132
27543
44648
16314
39472
40306
52591
19920
28618
20006
39929
32315
9470
60589
540
10861
51689
17246
40987
12811
15466
15079
19308
42579
10798
5897
65208
22090
15048
43874
763
40142
31996
32080
53917
39941
5294
37352
3731
19373
32520
65271
17923
23413
25896
36663
18859
1835
10836
38766
37115
60007
58667
6365
10295
12612
56863
60870
36713
38186
5348
11070
39089
26031
22609
16427
31741
64095
38263
50274
36409
63671
38027
58425
28127
60210
5651
45045
39485
20460
24505
5995
56685
17152
45277
22499
10469
7151
52036
33207
47661
48105
34611
9044
58479
62837
18805
55090
47988
41609
44970
37208
2228
7875
25636
33893
8278
4996
43666
19082
52204
26912
45864
59186
55633
36551
12823
16118
27387
42684
19061
1239
5764
24439
41837
35521
39137
16635
7603
64107
39759
25380
64385
33285
13146
47123
47281
34060
39670
36494
59434
3795
25423
55201
41356
40532
26603
13606
55995
23689
22480
23015
59205
14696
50805
35487
39906
27567
23732
55794
20588
59617
43164
58016
17429
29107
22900
4340
31301
20223
27686
41095
13888
12768
5592
33779
4783
7804
14383
358
28583
65439
44062
36460
23649
18379
26502
53205
16541
49511
9848
3533
27562
13609
21190
21621
39788
61949
6242
50876
58209
51636
57089
16914
52258
40555
49296
52812
59246
64765
51500
36131
34061
54940
31482
55973
45377
31973
41775
42768
62754
5028
43344
58202
33029
21665
9354
43013
41894
32515
7174
40438
20616
13438
19008
28753
11714
34098
13156
53008
31443
63365
9774
34960
305
4531
17176
16915
34628
13215
54931
52387
19027
15621
61769
58407
14045
17905
45133
47966
5385
51107
39286
45772
39309
7609
2651
55061
9369
28526
13836
6692
54214
54935
7551
35591
13747
57718
62418
36617
64343
20157
41342
57270
54279
19637
60260
12059
62307
55559
5984
18396
52883
42660
39740
31535
22279
63695
22962
40789
8518
30301
9938
4337
16169
37153
41969
29025
20350
44079
54486
18696
49674
20665
20506
39238
41030
17371
2395
31869
44656
34358
63972
28416
54926
14264
42480
34394
53856
863
19273
50376
30649
13243
51302
1455
50078
41292
18920
39559
29254
65374
28611
61739
45777
22436
32906
27343
3330
26911
24769
60978
29600
15634
13274
6502
30097
44278
36782
54536
26491
16489
48292
58340
48473
57991
63708
58520
50055
35064
1612
24826
52932
47040
28532
29230
64997
45376
58071
39961
32996
38341
49021
20618
38316
45094
50586
27110
61581
60313
56468
23180
51853
1831
60507
8134
54893
26607
17777
61272
9936
63563
61542
43415
51857
35917
11935
42470
18982
46126
6485
25795
36200
37704
52391
10537
55396
24750
16779
20875
4595
18337
20010
14231
57271
40368
52717
28385
23284
29112
33169
57148
52919
32947
29303
8379
43540
29130
456
54700
23093
51818
44581
97
50272
12757
32774
65038
55483
58419
24317
48402
19014
9616
29725
60402
50731
23020
17688
51524
61946
36050
63436
44047
10891
33508
46111
4632
54541
53296
40077
63979
57159
24771
44157
29322
22212
50573
7317
32512
45552
4142
57194
6688
29324
15783
40034
41797
55398
17098
27689
34723
47620
4437
6125
45297
59231
14353
28284
21094
56236
30381
46378
31012
24314
27068
26764
29233
60170
28093
13953
27618
