36934
55153
19343
20945
63855
15514
5492
55462
11600
29387
22685
46467
25827
44688
33727
48543
64707
28090
24021
32007
52065
36910
28939
30344
8366
21072
2169
4970
58769
19864
35338
44998
19548
45122
50334
25813
858
8356
1127
6651
3029
62860
11658
61647
58616
45442
41075
54
7111
36237
65153
19951
14095
6464
19871
17453
59378
10894
33231
34931
65280
62252
57901
306
6863
4590
58096
49488
35836
61752
38482
17732
15026
28777
11460
11609
44316
36923
16679
12363
61107
57919
21408
61028
54541
51726
32687
52654
34779
12930
7767
46853
57320
39302
9287
21061
7931
64451
55609
30577
11967
1861
7379
6718
34935
52536
60129
1241
2039
41946
27577
44361
41948
42778
1003
22695
46758
9887
36615
36003
2740
2071
6769
43709
39627
30281
1809
64761
26873
48956
32388
54607
53147
6452
47843
37056
48421
1819
14398
57983
6868
43072
21659
17718
63696
35666
51089
7123
52919
10838
37793
26263
55062
9719
11631
59113
53499
21567
51108
46642
48299
28726
14090
1153
11741
41028
8098
16106
7450
33622
12737
45690
22475
60568
25956
44299
34507
50192
30342
34393
58636
36477
55826
26982
20110
50988
6156
31891
38370
8034
2877
55035
37093
36196
50187
37769
41773
47895
49863
13845
60529
44126
12937
19882
31109
6666
47989
9628
39071
11834
24465
27609
2849
7763
11278
27141
60336
25653
27717
13210
43843
38814
58356
14478
58155
18651
54730
47860
45397
53251
7280
53549
25004
29986
43625
59877
32894
717
15563
2961
44262
65234
20190
18314
44043
64928
7979
62021
35168
37394
58952
53714
16662
20260
51070
7661
58515
23541
39298
63591
4988
33795
3756
50570
57512
15807
50979
31897
48127
48636
55757
7958
50235
3706
34138
21697
7478
40957
43381
20146
6348
54990
40263
47659
14809
38158
62132
36996
18707
8225
15490
48011
29016
48762
15127
54232
43496
16864
8621
16949
22533
42214
2311
32548
21373
25905
56640
49691
13479
22786
8986
18833
17452
27753
30562
1728
44381
20140
64842
37939
56835
4000
16629
25800
809
26370
23051
55460
6968
16838
40930
65326
22764
25892
50156
51488
53655
8744
54333
12406
15679
61238
10678
57651
38470
59615
48105
37923
53776
28871
24234
2416
2331
30160
17945
41129
49461
63461
65314
51631
51372
8135
32883
55936
32266
27597
47432
18472
28384
60765
47184
57610
15657
17011
33031
41597
56922
63915
64849
12553
65216
40711
63770
60918
46429
64725
47296
13514
27679
47238
16400
41003
55982
23621
10640
3251
35964
52361
29086
30679
26765
47284
12424
31623
58788
13510
15380
22203
28021
56905
35768
22646
1693
48559
13326
7085
26676
19347
31193
65367
57021
63056
22736
51484
52190
22562
35068
48334
17485
53838
13700
57059
40715
48390
5935
47564
3785
42606
19119
49195
17245
12252
52125
5223
56733
62683
57488
32871
21179
14932
24283
16582
58645
42350
15928
30923
34805
20510
51219
4434
20289
23691
60561
36206
51440
28255
23057
18840
28381
64453
62581
47318
38514
8003
45285
12007
43404
63937
11711
64744
9157
61049
30638
37275
63780
52174
47263
22210
34327
26455
40973
57697
14918
28961
4704
64439
62817
54383
38831
9391
9677
30716
21162
24879
55702
55184
65179
34380
4710
17197
26979
15361
13431
39456
35797
51524
23005
44661
20468
16491
48719
2440
48528
13801
48602
10801
1807
65384
33666
21315
53318
52173
34420
38553
37035
1275
54671
48257
16245
21929
24030
15123
30386
61520
34333
26032
24146
18960
38052
55693
25496
15827
8533
36223
1278
36701
34339
24891
10948
63281
7820
2969
30755
9007
14810
50009
25699
41680
44327
58907
53857
32063
65253
62466
15178
44811
60750
33442
685
64963
61755
53806
34948
35295
52992
60554
20333
45051
62074
26928
10092
31477
2059
7149
2171
49667
10779
41568
8482
18957
62283
6276
55555
44823
51027
41790
43768
62263
32788
4350
3739
23144
19843
50407
55916
25867
16327
40233
26548
33047
26649
38636
19886
14228
48393
17171
39902
19800
33831
29958
21810
25079
37300
3848
53974
63429
46479
36192
56370
14774
201
40490
59144
65300
59064
4569
54922
57951
38849
50673
59811
8435
13620
54199
4036
32004
32269
26284
37931
22591
2632
6490
8316
41769
50981
542
34674
7768
54476
56813
51446
26414
53403
54882
20182
14037
54787
36709
54977
43306
11933
39527
5732
43573
56593
311
3499
54111
53453
45256
46155
61600
35579
4305
44311
575
35751
36416
9884
14392
42608
36927
9429
62874
60003
9552
10558
26500
10076
26192
17209
38502
44148
53520
54177
43441
15935
51546
35023
38567
7172
30555
35022
37038
64424
65476
10940
41748
47344
59239
27260
35869
27177
33163
50462
59793
31883
48912
5502
41840
34412
63843
13344
50202
46842
20584
25937
35324
36167
22054
50810
10466
46129
52044
11964
24122
36929
64677
62658
31534
37437
38267
55644
14681
41610
43039
39925
40446
13464
55241
1182
35901
6215
51080
29295
725
37360
7305
5896
42050
1517
60863
27921
47169
32095
62437
39049
35965
58623
19171
10405
24257
36765
13911
40756
4579
48601
30152
49666
21572
34748
14129
37495
11518
13033
4535
56755
1134
50203
8556
61410
50732
49440
55254
9621
48298
39532
40965
28024
52310
41041
40966
58670
19368
42746
45649
57591
53191
31279
10654
38132
18736
39654
8654
44970
13129
22352
33452
60610
53562
63960
58321
62934
31269
25322
19329
7658
49252
53980
33468
56310
55806
43672
62873
3453
49174
32251
16149
31213
57814
4011
19781
60499
37373
7911
1686
31370
14369
3443
9470
57442
40515
33647
23603
32587
8757
35718
19649
43116
63383
41354
13109
26086
43541
29736
50827
45748
47690
24099
44429
22289
18658
20224
60243
42771
26130
37380
33829
6850
52265
39491
44102
50543
20989
47955
9689
10430
4125
49741
31304
13588
58794
56261
14326
16467
5932
29893
15719
45622
30808
33029
5012
52792
59362
30381
20541
18154
3306
10507
42796
28826
10127
26366
43784
56539
38254
794
4109
44895
54080
52478
53275
10005
53600
4119
57364
19605
16606
351
6110
3887
60683
33262
31417
63743
11569
6895
2659
58329
44924
9710
64970
42061
21963
9527
49983
53618
30821
51765
40753
55847
16806
57585
65139
58264
33325
27723
57367
35817
595
62712
44485
63550
65131
34040
45369
27641
57426
58037
2435
53656
54091
47069
8775
56850
48683
30132
33936
5955
29140
25687
51661
8231
40494
5582
18239
59200
32239
51575
26718
25252
44828
35434
9491
9399
17139
23851
40773
11875
37799
65149
48869
42546
13377
64813
64159
6643
60008
18403
35595
61937
33055
32880
51718
57944
25221
2235
42382
63947
11533
45853
26647
63154
6311
22791
20606
8423
58633
60185
52216
42503
39036
8896
5094
33711
1981
6509
2862
40551
56191
63340
15364
9253
39239
59086
31885
22229
37126
61884
16659
61310
57354
34836
40566
38108
39439
33635
35627
9006
43786
48593
46071
19748
34814
61510
31570
14005
27665
57450
24062
41590
40614
41530
47562
30216
16059
52801
20309
18794
55039
49694
36790
11140
36606
56933
6878
55888
58289
26285
31696
49399
14585
50668
24913
60481
10806
49653
15355
31265
44694
38737
45720
44066
9747
64593
18406
26002
8377
62325
46143
15199
24528
42078
28322
29181
60004
19539
52070
55085
58510
17730
57889
36772
11174
17291
13821
43162
6677
50317
2718
40004
60685
51819
34791
4844
22102
54869
10454
13982
5481
8467
55064
62090
28033
53309
64771
62268
36022
33052
63416
16831
8222
36554
5156
33465
26687
25639
43285
42420
59675
49548
16666
37048
60843
61116
9367
55067
27282
4703
49805
39961
45200
20878
20938
27403
52167
12238
65445
18807
42085
11710
25680
30274
60463
33228
8962
19917
53361
267
33300
31929
24286
41117
4821
46790
51262
26732
24493
36161
24866
30223
54503
63368
38989
63031
57
23297
16098
37875
19542
57396
14403
54769
56122
25281
61828
9075
5848
37214
51553
37719
64550
52727
43122
39848
39613
49388
25011
52492
59318
6663
19166
9606
43715
59306
12917
41286
13333
38597
23754
34552
56582
12670
48627
4945
13805
3227
52683
64783
58078
60663
16793
40908
33392
10231
40679
1717
27144
59818
29177
28301
45315
60059
42962
48839
30048
20395
51149
20877
12250
1563
56797
49837
24552
4808
51231
38387
14137
57433
41675
18844
43151
59832
25059
32151
59662
44831
38325
16162
11371
28013
55843
1618
12076
63941
17846
16056
52585
54019
16525
62606
64527
49297
59175
743
42973
1322
46197
41752
40526
46916
21024
55291
47906
12197
48499
59075
37434
38124
2831
3331
5952
32255
34514
42522
58647
21259
716
28669
57959
23362
2179
32831
63585
35720
60156
44685
51995
44767
6332
55448
825
25213
53941
40435
25326
6735
44641
7802
53952
9555
42527
35478
8981
27412
20898
42773
32797
23985
16218
17641
47072
62092
48691
41186
45638
28808
15872
17046
46624
40780
56399
57532
7396
243
56819
37612
53093
64821
52587
53951
9620
64936
37891
51086
26549
46858
26855
31711
41510
43620
45850
41352
39705
20066
65134
21029
63183
59268
13142
47253
15912
11291
63090
59184
21051
43979
60620
25224
26697
59602
51660
29315
37327
30580
49779
2965
23184
45371
2542
45158
54247
41625
63452
46595
43991
6685
43139
23071
2420
54777
59823
59970
58293
5574
38730
58966
16253
6389
54932
55180
20130
16424
3358
3226
44631
40015
32258
8061
8344
51016
37383
5368
14711
51498
5698
63304
55005
13050
11387
3637
59193
10200
54903
13452
36013
54636
64708
38495
43747
36097
15479
46740
15158
9044
42419
14990
62299
49310
63393
22618
22778
64243
8194
16566
20256
25202
35438
5152
50769
27285
6251
27489
16392
16623
34612
4733
40708
3488
47545
48788
32684
25017
34720
45333
48137
64655
13662
11832
10277
29796
17841
27245
62376
45491
3506
50456
65463
38930
5485
36724
29368
42854
63912
61100
31852
45663
56502
53445
19733
8096
24994
28137
32428
27874
9339
44152
14927
34237
11449
620
59933
40884
3949
13162
49216
9291
55780
27918
58978
47463
24645
17868
23774
17526
11073
15402
5272
45500
29901
44258
36137
57355
63101
14217
13695
54423
26270
44571
41317
33744
22895
27368
39800
46536
64262
45331
14641
41470
42898
29007
46914
51124
16156
28061
19470
28762
9544
38307
50196
45750
63366
35646
44033
7037
12154
60740
14953
37333
27558
64040
62149
22083
25380
37170
26148
47070
54075
22367
11986
45246
31865
23931
16123
34888
36023
20296
21260
41757
57925
48399
21465
64528
46204
23537
12017
45496
31807
24112
8795
47599
62195
51425
28045
36533
34004
41762
9587
39372
21491
10034
34983
45242
51256
60581
20688
32914
17717
61393
64153
5596
33935
19083
57886
52180
45386
13110
56213
41491
59878
62970
44732
51179
4058
29268
12862
41202
30777
50079
51628
58172
60168
4161
33693
19756
56400
44785
23638
377
57723
2462
52327
9790
39693
2992
48245
48522
15106
30058
50931
52575
30084
4182
65140
38818
2140
35322
6676
15237
60783
20715
48902
39580
57702
13513
7561
59149
11010
8534
20862
58357
11783
29150
63421
42025
25931
43896
42396
47462
55738
33618
61189
55631
60784
5143
9784
60341
58727
52110
52318
28624
63252
21801
34276
13374
20118
51417
203
46389
21186
64232
53061
21094
31631
13947
6423
43348
5992
12096
14767
57858
19000
41362
41784
53515
52146
40160
43958
45964
5487
54825
25491
3598
6767
12603
24878
62586
7544
56676
49474
12503
38252
5126
33917
25555
24419
2003
63202
45082
37758
37723
18998
7848
55438
43107
7451
48848
64251
46472
9265
50636
1220
28295
4612
63873
38802
49530
14500
50466
34523
33836
24175
62494
16043
13935
53674
55352
53106
27186
56679
61330
33681
31873
54828
10141
7728
34718
2299
4876
57043
14880
20355
33882
65049
50034
37231
62602
6803
29165
37364
51391
8200
30483
38140
34017
39196
46583
7836
19499
39253
53809
12932
15894
21874
22612
33844
22292
61020
34623
31344
25676
17372
46998
54824
56704
55010
18997
11150
20587
28120
64376
65302
42591
62593
57461
45859
28139
28681
34862
9208
53970
57045
37477
26380
17996
28115
24583
22198
63048
47150
5096
47118
16211
40292
9983
52081
8175
25669
29144
45015
22908
59844
45065
40855
2941
14519
22441
17719
13639
6644
44557
54883
27316
44013
703
25073
47700
29011
46810
16576
31116
53729
11355
11828
27927
2313
16698
17059
46571
28994
13426
59056
63910
63504
58525
47533
11191
4884
46398
57036
64709
61178
30279
7709
6531
59453
39626
28535
38420
29107
767
20850
18094
58828
49801
3048
3863
20022
6856
27477
47584
50182
62899
8229
39777
52015
65233
12471
30533
52544
52950
45782
44412
2384
61816
62461
58732
55422
12967
36651
22978
30307
44807
62694
51307
65512
35437
54791
5315
21631
60920
39192
59841
38837
13223
11583
60298
19778
18900
9081
41420
16727
18930
62225
11607
53157
57398
26235
24788
55921
3690
10483
33044
13404
46917
46437
18031
48
54820
3168
40399
15182
31226
64086
18935
34678
28430
25241
16137
35563
24978
49633
39509
35642
33075
63147
38011
28784
33773
7867
39072
60339
59801
51452
55880
8086
60490
65392
53243
8884
42276
2956
36972
44310
35625
34670
40275
11347
27901
6384
48238
1424
41205
35624
62463
15283
57961
58031
51096
2023
18030
2123
39895
37069
12607
30032
31764
57740
29406
39628
64245
33697
38351
22901
13558
6088
32520
45059
54167
54999
3605
1893
4981
29646
59533
19525
37486
8447
15194
15499
58846
27733
3318
5291
41873
50559
24209
60455
9286
21456
50012
52464
44091
30765
38801
54153
12923
52663
33847
35012
37767
13144
10094
41497
28009
24629
60756
50784
53601
61944
57322
42998
59938
59796
38675
20331
23412
47178
7839
57011
21513
37260
5405
64490
25398
42455
49454
20917
28696
25838
12567
33765
31126
2933
31580
43090
53055
10371
55849
7319
41054
24151
19687
24887
15154
32138
17077
46885
24433
59915
50735
12812
41771
30896
604
52379
47061
20639
32736
47898
39622
390
44526
37271
55030
64465
27203
15948
18918
33832
35031
32911
20229
25821
39926
49442
30061
58642
8662
43631
12551
733
15311
41244
41897
19747
8763
54361
10207
2028
21774
34133
6048
61765
63351
32132
50667
40634
46399
52910
26796
5119
10627
13103
14779
16234
37168
39892
12577
36657
1527
51047
41386
37660
1130
55896
38637
59400
5610
55574
29801
10067
27833
55605
45307
29562
30187
9903
13191
2101
62232
30154
8894
28026
46559
11621
60947
27996
36636
4481
63402
2167
1459
26154
19270
51329
34741
22543
23684
50249
29965
42167
12831
38017
3924
53512
42465
5675
28246
56362
33799
36524
39757
14570
47355
40516
9436
28921
7825
60187
31334
18147
5278
49328
35067
53392
36658
10254
22066
13498
47774
64441
29930
5363
27321
58701
2563
5539
56893
15053
19775
25222
25618
24367
37541
62823
18036
33992
50169
17656
48204
31297
31484
26715
12033
8594
31938
54048
3767
15812
9212
52403
16743
7367
23200
37371
6890
56612
60719
12327
2126
11222
6805
29224
42994
56
21820
43250
18086
50054
27098
27165
20216
11014
25176
58947
16621
17338
26473
11423
18944
23462
14355
178
37103
35453
50839
27302
48859
4083
28529
24242
54521
36914
31670
42344
57199
9001
12940
29175
35393
3231
58206
25559
41658
48424
19913
16853
19237
46507
46957
45858
57288
38873
20899
29151
28887
17156
25884
45928
6177
9630
34436
47616
54580
30256
62518
23752
25348
62455
23168
59161
59912
11200
55549
37389
31530
14991
57048
45602
47685
7021
38305
56331
28856
46557
62701
55398
36780
10007
65017
43029
52271
39881
44065
61296
7892
13682
63201
19254
11653
5453
9840
50159
59084
49421
28671
16990
32114
58532
39065
37698
64596
22301
54419
28333
31805
9937
59068
50629
20801
56878
37533
8276
2511
6376
54887
47100
42207
53961
27010
33338
37928
22986
21741
48150
41066
5332
41975
44318
35148
50257
51450
64417
8073
45791
17919
10946
54785
13782
42445
22167
56656
34889
15343
8499
18765
63198
39426
4469
52532
48487
30876
30370
291
24825
56444
16397
7206
16650
4761
61451
48770
10774
7693
55401
18008
52499
10198
22283
58350
16360
7807
35598
16881
54951
26233
38764
58361
19309
47546
49134
16458
43950
24901
46284
25074
53583
2541
28974
64875
761
50733
64743
53265
20322
25332
33011
20530
61521
38949
45942
30041
23744
38769
27873
15552
572
23422
40073
49151
6211
9293
33723
18559
10449
11971
49610
59209
27139
53884
54952
10089
52322
6932
40578
27498
25050
10623
10793
34355
24246
11944
47449
22907
7910
8645
562
18178
42028
60400
23520
24840
58567
63242
40748
24377
41731
4066
9406
58333
42999
18179
14691
8572
41349
4687
9259
16486
44315
27434
15384
17157
61093
54969
21338
35957
43797
25298
5996
36952
23311
53447
17527
5825
32025
44505
10022
16406
2586
65429
25801
60314
22890
7799
33344
31435
50111
59705
59557
23350
10136
19287
36358
36770
14100
22724
25107
3711
31996
63939
42385
38715
51397
59923
9804
23255
62313
37922
6818
64427
24684
45770
19695
47854
1663
7971
9624
35094
17264
62835
9023
24611
235
53837
22709
40836
14452
39710
23233
1065
47381
28317
54561
51337
36291
47948
36282
14243
65046
40391
30021
29408
46288
20952
37691
55313
35990
60936
63012
19719
29266
62438
56042
29806
40823
17282
32989
25193
1066
32451
32926
34992
22426
20199
62576
43473
36893
65026
32661
15642
54866
46306
62718
60011
39787
7805
12963
17671
23796
60144
23334
55491
24816
41252
58811
25071
20274
14924
61599
19128
246
44167
6935
45142
1545
36667
36162
14658
62385
43208
51347
63805
53272
57472
54065
41295
44155
55003
19496
598
26589
21245
46370
21173
52130
37111
23610
23587
26116
29375
52572
22503
52652
36441
16314
9974
44238
46651
36863
21637
36096
41772
32844
12628
6054
2045
22956
9361
40820
13357
38088
1763
8313
683
25418
38015
26158
15644
57574
60987
61977
706
2477
58338
57713
37964
9776
14429
59269
24592
27255
6364
58469
23551
52793
36616
22287
65478
3651
65483
23842
4513
46920
22188
61244
27037
39565
33493
35706
63723
40946
50312
39898
34513
6405
56267
47689
63264
64136
41782
732
18489
11839
60706
40129
44004
36774
31761
35971
14272
34753
42203
36611
27931
59420
45012
22572
28606
24692
58187
58090
24618
8878
17747
56201
18238
58091
59416
22308
11324
28251
3799
38081
25403
1906
35424
47540
40789
28803
15051
56696
44320
38957
48633
46304
13316
41448
15365
8130
17419
4577
62447
55117
5902
22950
20610
27230
42045
1820
11678
40368
30070
23018
61519
48425
62800
5100
58267
24083
23073
26386
54626
59884
37505
27173
33513
11092
43533
61630
25820
12646
32498
65344
19197
60414
42031
59366
45167
11039
59767
19903
65213
16085
12184
50640
19768
24847
14754
1355
44940
35948
65123
14713
29541
46514
9184
30511
48157
44084
8289
56818
4493
45020
9848
36362
62065
60184
9525
63230
18943
5864
25046
12623
59869
24401
23956
29478
44598
40826
13070
20471
41290
49333
49725
44239
1582
62406
3936
11296
29483
53107
14049
26965
63017
16510
5321
33605
1071
807
6181
11436
42844
60605
5091
21287
5269
5035
28616
60204
590
39368
56614
16492
5806
48090
23770
10504
7525
44435
21310
40220
56315
42552
2799
7448
63432
40659
43681
16657
23508
39949
39004
278
43119
1489
46308
49003
43204
26902
9560
65490
16202
766
51891
56963
9642
26824
52225
62338
34452
765
38395
13214
18802
39081
28274
33433
55525
40542
63570
1327
2436
14295
63998
63449
14615
59633
56620
47275
1877
64149
57421
14199
37848
56147
11743
23218
5442
33520
30541
46825
53362
55488
57750
57916
60880
16858
37720
59683
34453
29569
29393
31884
9104
23012
37686
50986
25389
58435
23225
35721
7227
42637
9869
48980
3589
3350
33430
27623
24830
29762
2803
57797
5191
36069
4833
33834
12942
51324
36879
15292
54068
28860
30927
63052
45987
12900
28523
29327
9340
10442
62269
5960
52187
55455
23258
55193
31980
17859
6955
55967
8131
56762
40868
32090
8862
43439
17522
58386
49120
25809
39810
45451
55082
58611
42409
27644
13932
43
8851
12766
59513
21352
22670
57085
22889
34766
8810
57735
31762
63861
46505
55478
27356
20144
25991
37706
64986
29288
26995
49965
15055
21793
1631
11608
37779
46630
29341
3396
13231
26838
39254
45524
40495
39720
54525
39958
14951
56103
28634
65311
42371
4067
11976
40434
61996
20721
30693
15612
23296
54389
10471
13611
116
10803
46720
10195
56162
31399
15849
10581
23545
49736
55318
33505
939
6178
35552
18739
34460
8112
3529
13094
14161
43394
36037
5208
27778
43884
18277
65243
52115
44347
15869
10152
29898
28651
28161
7838
8922
29827
22037
50450
11866
39134
26997
55357
42563
19856
20944
49013
12407
47815
42403
394
36662
4996
37025
60905
37498
4755
7718
34121
34106
17605
56982
33196
55704
41276
13345
55671
14684
40842
35873
64727
48444
42365
18517
8956
7759
32103
64386
36834
12892
48790
56944
21682
6002
51923
59207
60212
21217
24718
62526
27232
33809
15394
10240
9562
56673
10956
37012
12614
8227
61287
45914
48462
50508
4391
50352
11932
30868
25543
14567
51247
47525
39050
54071
18909
21654
39109
9538
58559
44060
59297
7925
60360
22519
45401
47015
15939
2954
17111
20563
44939
47147
24790
32003
51368
21506
12899
7758
6905
30184
30573
63691
27554
36782
17963
22048
49317
43924
48151
5728
38591
36476
58493
45775
14669
5247
32584
22728
17783
23378
59851
10679
25660
25157
20591
36374
3688
27975
2864
43612
22719
11199
26282
63853
53230
39569
19280
40524
9979
57498
3184
9872
15878
45238
27125
7963
6537
27206
4503
14206
62329
4426
30995
31645
13840
61357
31140
28742
39136
64592
3797
23020
33091
57207
35176
4902
64114
39236
22174
38353
49417
58178
38682
4436
40398
37852
38702
13942
15264
15274
38100
61753
39463
55910
63376
19526
53479
53201
51749
25042
16318
21184
35851
4966
30795
54821
58353
21954
44170
28319
44627
18863
35758
21403
46377
15403
25087
29922
57841
51236
39167
8889
41058
31825
37919
19740
60072
28918
21595
48549
58024
22645
17450
44841
62491
29054
22565
37139
19324
6506
54707
22573
24784
24298
45214
17458
44748
3877
45298
14827
54484
65256
48242
13178
47946
60613
36495
35632
63596
2987
35749
50740
60883
11058
31504
58711
6844
57537
2865
60274
20870
43400
5652
40274
145
22631
10400
41918
60862
20734
21435
29671
49705
32672
56641
37438
17863
16036
23694
5060
19846
3918
59932
63562
37526
16063
58114
47943
32161
59839
12490
37160
42686
56343
32594
65115
31632
18142
21856
21063
60727
19851
31287
59714
44183
39131
43684
42487
13577
57434
43266
60597
4629
53189
56537
64508
64278
46782
62354
63108
6274
12958
22379
59806
59665
29474
10520
32771
47963
60020
32758
24204
23500
39488
20755
49696
7583
61747
26743
55764
20
50983
8993
45143
19065
44982
12656
46850
5310
8531
59134
8475
47106
14662
8942
16781
42160
33222
25614
57311
62019
42103
59364
32476
13564
63993
63319
40537
15714
9800
17099
24732
50038
63783
2021
54266
46622
58839
16849
21230
19238
36116
40440
53310
41749
1463
3338
2150
45161
61432
1793
21131
60097
46366
2553
59773
64221
38821
50426
44842
5630
29318
6758
8759
44836
53523
9430
28893
40229
41911
3290
57517
46796
40976
36315
33077
64389
27510
58894
54591
39365
61101
20376
44592
18588
12463
51297
25066
49048
13134
27461
36208
5260
50260
47112
12236
17633
42125
48272
46051
64501
35292
11719
15066
45339
51232
47431
9432
48679
40977
46702
38035
29743
55087
10235
14580
44607
35988
16214
13382
628
36245
11159
64286
54830
3285
48477
47473
37885
6488
49618
9573
18271
27311
33161
12465
64925
59356
65320
43598
42163
55436
51555
55183
37636
21292
39871
38000
656
64227
22973
13985
24143
46358
17390
39088
18245
59603
57601
26126
36551
1641
20085
42957
63417
11633
12016
36866
10123
52607
28284
42433
19576
11910
10249
53730
15381
63071
60091
29624
51745
17738
34249
64722
46904
53807
11042
57706
28088
12142
34638
65128
58780
48978
4403
54616
36242
43222
47294
57046
3376
28628
29661
11119
6460
14997
64456
19042
6147
18531
17551
46929
13919
31868
47099
57828
61684
51204
27802
56987
11457
20308
61262
55579
23702
50904
55032
12306
36418
19089
55901
25249
18095
1957
7890
63317
60171
17708
60687
4290
32716
16016
5857
18253
36902
56828
56406
56772
16536
64085
473
33594
42877
56801
28534
32487
30009
35051
24682
29463
32711
22915
15017
23982
28397
23502
63971
15169
2405
49426
59251
10161
43903
56199
33178
46448
31072
41686
7054
61923
55769
34153
4766
11085
64068
58035
6435
24856
25192
37824
53096
27974
48478
6145
60733
31416
36559
48044
50507
1416
60536
53267
32096
17345
2811
64512
3372
11297
47357
57073
20814
23696
59219
40442
39292
21262
39278
32522
9409
17030
38478
11485
6475
64166
48448
32126
60546
27399
3695
16002
61661
10636
17200
22732
31515
49744
41466
9486
8187
6553
44906
27898
55556
13342
14126
62985
7615
5140
25384
63016
57721
27298
55713
30778
41053
10259
8094
34410
31796
53743
50824
6658
14851
24088
4641
37746
46362
2544
40377
57350
21880
16344
3039
62598
13810
36212
34627
46937
33704
13172
46478
22765
64226
65402
6703
20866
13957
42590
43819
38624
7103
44720
20034
46447
13893
17105
59966
59776
4142
15889
45735
5241
56099
15238
62795
38163
18669
52812
60190
32305
20622
16048
50363
8041
6216
43554
31941
19762
59975
39223
1643
51739
1874
12057
41124
11429
20124
22266
20447
32268
32985
65375
24727
32842
5512
62321
8821
2613
22372
22073
20418
11869
56116
45287
38976
31935
6273
58764
51467
54013
58342
19724
48925
55944
64322
46492
1916
1502
36528
53122
3034
40297
50509
19646
58454
13851
31172
33613
27579
63908
54527
54589
61635
59427
64464
26628
17175
35986
15388
54842
20575
53733
6240
40632
26700
34926
40964
61868
56355
19319
18477
54974
59436
27484
51418
40296
8265
35949
17347
14833
27518
