39204
51001
39438
8083
25813
49756
47433
8887
25913
58873
4604
46234
31572
16066
36732
59868
62864
34904
16254
62964
24723
23667
47608
59382
60272
49394
9191
6505
5801
30619
5685
2750
46749
11346
24230
16256
9029
40537
48072
28451
3896
17942
60219
25235
42145
36434
60153
23783
11022
31191
9912
38880
29337
16042
9886
48513
14368
57739
54787
36291
26655
46645
3788
42086
23190
8064
23022
16102
61313
24744
1214
36195
14658
35548
36387
28909
40371
13266
62413
40594
35596
3346
37482
38319
46601
27547
3321
16675
43393
37112
65314
50369
28007
60298
53771
15880
48380
15955
59896
19741
37300
28776
5443
18853
11500
57545
5799
39554
15352
44056
23042
36757
10681
37282
11478
35772
4840
30069
15545
22037
52370
44734
13127
35824
19384
48933
57649
37532
33799
25751
57358
10581
40281
22194
7172
38141
39102
51339
12913
62879
16711
58656
22809
30549
25665
1019
34604
5960
58514
52149
22677
4812
44000
7948
55164
62782
17780
48981
37862
21786
46628
49322
52698
48280
25655
49642
53274
48363
17152
34191
51255
24785
47297
1749
12473
45130
61673
50640
17399
62153
63993
31698
44569
43720
33305
39112
48164
7662
2289
33110
63646
28655
60000
11464
20615
23305
38084
57157
27275
10896
5638
4905
4231
22872
55786
22393
56151
58934
34510
61113
20798
32782
40312
43265
31547
59166
29172
7257
39296
44521
21751
60872
34408
45690
26277
11402
44586
57911
38198
3319
42811
23744
56392
58826
40680
58847
8905
53169
58397
3333
21042
20404
40858
26654
63374
46799
5335
17200
14791
53428
28871
18883
16907
33072
59816
10260
31152
17264
27741
58163
7158
3775
27554
21718
16766
4456
40530
19620
21927
63665
30886
44536
8544
53962
1323
63668
56580
5196
29510
41688
27607
65270
60550
45862
42425
5999
53793
20991
38057
22216
20752
33986
52001
35912
14086
59156
13203
34466
33483
42966
26156
38270
45662
46737
22234
43742
31936
10561
43618
64066
35674
60944
38390
17575
49366
62326
9978
51738
58381
52678
6798
54370
57895
47030
63505
12610
52886
12848
653
64265
33751
63333
37197
12607
14628
63265
47955
21514
8656
44591
23830
1106
42728
12752
60448
52732
9733
60288
3634
17383
48486
64054
34433
18102
33321
14422
26872
56372
49196
39680
64521
1648
59870
19838
43169
30575
53317
21124
52012
32247
6162
63883
10155
2318
35314
21309
48174
21179
15305
45392
42355
56014
57025
9619
5630
40097
56958
47031
13674
49683
5968
11708
9702
7549
65211
44609
34156
8413
15446
55597
26899
26491
50211
21422
60314
61727
52
1174
51846
55927
14349
30371
56579
45845
26182
54387
52842
15462
36700
58565
13989
938
21989
56358
2423
17830
53539
50273
43422
30699
46313
20449
10215
3212
22217
29943
11894
54650
50804
13391
33626
9711
32958
57589
14474
30536
21417
65017
42014
12467
33048
54821
46298
9599
41337
42555
36855
47001
42120
45926
17678
30521
26041
19235
47648
23457
49629
697
18275
23201
45794
45935
6999
19692
42741
26082
52195
7686
14560
19704
519
7769
50428
3330
43583
45453
23754
22379
61301
53987
17475
38789
7733
59677
41340
20160
64865
17531
45313
46769
5221
23627
48492
35971
17860
51512
50669
36955
61047
13180
19398
14460
12824
48529
46838
24665
62610
140
5492
22962
35118
26447
63822
4336
53669
50203
15648
32443
4326
55982
38495
48420
3873
56507
12708
5101
20580
6243
26454
37547
39070
33514
58208
4489
414
51452
815
17573
57088
31628
47157
19940
1334
64693
48797
25715
9459
35831
19154
20689
63483
44603
43259
28837
62607
27061
57100
31496
249
61393
34495
34785
6046
1686
62514
6668
33666
11993
58427
40028
13670
27384
49626
7691
36569
45206
22622
33238
17853
40305
46806
63097
1680
59613
32326
27251
63588
7579
10490
7609
44658
63045
25142
47404
44831
2415
48900
23849
23088
27742
57694
7297
4672
6400
15888
9320
62891
30808
35511
1941
17709
58973
51946
60568
61184
58812
38002
38330
7403
16864
21074
38510
64878
25799
41573
45024
19355
46733
30911
12535
42752
38456
17252
55391
61692
14459
42064
24148
7730
48311
23070
7017
38536
64677
24180
36428
14451
43360
13046
61617
54416
13583
46309
36779
8662
57996
14135
44247
26714
3452
52741
55485
4659
54221
32284
41590
54771
16663
9617
5693
6306
31606
54775
19607
25942
63958
52781
7133
52341
8229
18131
44340
40345
53714
10745
13851
28357
53012
53802
58843
52919
63390
40737
50711
8986
35492
14978
6813
22660
40476
52236
8386
60986
26238
719
57460
58719
62540
29007
12694
45960
60650
15102
1042
21665
6220
21517
7266
17085
20365
10827
1745
60551
25346
53715
62842
46346
15676
2208
40040
21399
32375
64870
33421
10108
21076
54541
11904
26361
52466
39551
63264
59774
8349
62731
19835
62899
61936
23318
54139
21548
51291
36554
21059
40436
198
7355
48771
49632
2921
22814
9567
22505
54365
19493
36624
18174
54253
21231
557
54207
25734
57684
10497
837
31146
25713
4437
33826
28488
59292
3837
29399
2000
26569
19978
3318
54714
19730
9871
61072
59892
13364
51934
48823
31199
1280
53667
41442
30299
43064
37669
17279
51209
46824
25792
47332
29002
27604
47272
42712
2551
25109
35812
33156
24552
12435
3444
6713
61748
17763
7064
764
45514
8442
1168
3428
48769
34222
21178
32807
42626
42350
31459
11932
17698
32390
29621
52138
38420
13974
17386
11038
60231
16349
3973
6471
60273
60824
5383
62000
49229
12507
65505
60283
24454
25881
60180
57477
55588
10377
53788
61190
29596
32651
36776
26097
4059
33848
6082
58829
7977
11953
37094
41026
61217
15390
50118
60749
19898
5286
17862
18463
64429
18844
1874
2437
60005
39767
3096
36266
9346
6949
54167
18507
35563
28929
43674
56773
32586
57603
39922
27458
4893
55798
13610
43000
20348
32571
27123
48052
14050
54402
58769
61214
39711
20830
18402
50863
23643
19893
8775
41809
3262
53617
62330
12283
37905
32071
41946
46161
61278
7838
36331
28064
22335
48930
38476
4632
34039
64064
58232
16268
14805
30320
7515
60958
30047
13743
40026
62305
7891
48502
26949
12116
9146
58275
46141
10508
39694
14692
33928
59651
3029
28958
38320
12887
43637
6229
15716
27271
60949
57983
56091
18391
37082
24771
23624
1261
5569
57134
30443
64855
38430
52723
35402
41833
53977
6929
53023
3758
7043
29155
55437
16799
40508
208
30096
17553
8495
25520
2957
63135
56445
46917
11106
59487
7765
43841
39211
45925
40552
19004
57177
55317
40584
38696
37223
53738
38379
62147
57065
54386
42233
28002
56907
49896
2954
54198
51098
45631
33758
32938
16414
4631
7128
56876
63
63847
64542
6184
28421
50866
46909
52829
38181
10347
56984
36364
61731
48259
9663
57136
52499
30473
60604
46176
50572
38444
60398
19228
43022
60715
56583
55330
18726
60726
10120
31119
64214
24590
43305
37064
43991
35743
55674
46072
52550
43651
9633
30179
48024
65052
53188
22785
64268
45094
35446
46062
31418
20629
26679
52022
24347
13990
146
63571
45793
62949
46771
53448
50650
9006
11003
21383
62907
53722
62985
34544
28771
8056
52018
30925
29906
37062
38500
60795
3935
55267
2288
60085
53932
11950
62819
8702
40029
31837
11698
34316
58291
631
22659
23309
58025
47615
24043
12706
62635
25736
56541
41412
23071
2814
58962
16550
42630
25688
46030
19574
20858
34008
29922
20354
25540
52793
32086
59242
19745
52672
55533
26813
12010
41636
5918
15399
36506
18271
12540
57078
65179
55127
62173
52394
17418
53404
60125
7824
33941
31355
60516
10351
4830
5707
5911
29877
25947
26527
6559
57813
27183
26211
25191
4330
18392
16633
44501
3870
23995
24784
21347
55959
45263
62524
33258
36662
14749
11661
11669
43395
57866
51962
54179
22388
39655
33637
11626
16524
3952
50223
51199
48789
57045
63257
50748
41379
44626
2308
33347
29986
1575
36074
12272
49177
37527
19923
59314
7432
27624
64216
2935
21840
19988
37697
34428
27345
44443
22479
16650
19516
21455
29063
11917
21533
24212
6437
9875
61544
51970
30073
20135
38406
949
45496
26891
37618
22583
9860
62988
22924
9744
36843
52033
47360
40805
37629
60694
52162
46360
10798
24155
30679
31865
17518
56350
60852
3041
33488
41386
1587
10164
64178
59294
22159
24055
40848
22527
8827
62365
22135
50808
23149
54325
1307
63808
28825
43218
18756
18820
5779
6714
43107
44333
12875
17436
39346
48691
36203
4187
17214
63978
45147
64295
45943
20917
50701
35063
35934
53165
57486
32588
37050
64312
39631
60057
58050
27932
29268
31774
23760
45007
24326
4635
49271
9614
27955
58909
38012
47095
31960
28336
59969
11489
38564
25419
47
62084
14583
17187
23933
42252
33662
55569
54809
16465
27421
56416
58375
54513
30725
44415
52207
63201
42358
65422
28583
25945
41460
41293
2852
40869
3923
61381
37362
51535
30768
63607
28678
32713
39415
43934
32249
54803
53467
52815
33076
55844
36171
33344
11604
32739
24753
16601
29129
27433
14149
17390
60073
47098
10125
22301
28119
40219
59553
52230
24090
2366
12186
13409
22747
60565
46025
43566
35926
23092
5302
62384
39353
22672
21468
50965
41267
22988
14193
60496
17983
184
44188
48791
12300
40067
16826
12791
27543
52053
1333
54737
39238
46523
58609
14714
10277
39907
34213
7856
52324
35690
4282
24705
14738
39874
34347
35206
49663
50443
8752
42829
8030
13491
59780
15338
62306
5374
56211
46339
28558
27823
55593
13786
38759
9843
29849
27067
48651
13589
31010
40323
62677
18509
27313
43937
38925
32330
8830
20139
15187
39131
64256
59490
23349
11350
65473
21529
562
56436
39639
55041
58572
56035
40940
33358
57628
9503
52316
59833
64642
65208
54302
14787
31273
18289
37911
58450
2302
20355
24139
11547
56825
14199
37709
39590
54500
6426
53758
47581
12510
18454
637
16084
3879
54138
54359
22794
20290
3014
59097
11273
32675
8637
27242
48249
55863
38334
12329
6331
10748
46785
14954
50987
39866
42365
7575
27109
35906
33539
32427
21300
40719
55036
3242
2907
49250
15632
64828
50837
19270
57401
4090
44959
25377
22052
10577
21438
11114
35405
2830
12551
53525
63946
47655
45699
47627
55784
27078
26931
9242
63529
14838
34436
12554
11418
17185
23550
40274
63431
55525
47911
38519
10341
24478
58972
27482
63228
8348
23407
38900
44520
40977
47385
18489
52761
43012
6216
33412
7610
42971
56621
37657
59116
40980
3104
59492
58446
11268
14888
61661
49169
7302
43269
29329
32127
3441
1304
58900
27654
37003
26717
5414
31398
47993
21875
41258
36453
23430
48183
7481
4764
28266
30061
12438
19628
25600
35870
43657
16540
9387
16567
17316
50994
19330
25789
34887
3472
28136
32768
15983
36374
38088
40414
49405
42227
46413
43666
10221
28615
50995
19048
38496
29584
12904
23890
13576
32561
36833
44240
10297
30087
13969
43741
36227
42453
57672
30948
62420
34830
13996
58493
60030
23912
5777
39089
53733
20698
48741
28187
29871
38078
19475
16153
47290
13309
38438
12152
64444
39218
4689
14170
16110
24106
57847
11143
22733
51084
6909
47570
42605
1823
24725
47946
46926
28413
23265
41062
6851
58268
12437
15529
32618
60522
47370
12742
57426
35916
45691
39331
20881
22375
42071
21571
47029
22036
10101
37287
6557
54518
20705
20914
4628
40309
62118
51327
43093
62380
35682
64170
27377
64176
29253
11788
12367
45738
5006
17600
57852
44402
27558
26280
31483
58891
17977
44369
45775
1413
49488
29036
39687
27132
11085
11636
31175
38491
16525
4320
39954
38878
14765
12249
12584
62052
20607
4162
54640
41755
2917
64961
22974
41283
5212
36983
57569
15293
44885
52433
29086
30432
51388
8535
48345
42911
40184
19897
5601
16929
17857
14800
20587
56784
1086
53032
16172
22687
43151
48510
60183
25882
33069
53001
15034
10790
60621
6168
29356
966
7200
53106
57608
62007
13232
46211
47361
21547
30230
28312
19633
45141
41388
13726
14912
61875
56291
41954
48107
41843
43663
42575
59265
48081
38287
30667
17651
28675
62136
35363
58616
47997
13296
65332
50217
5036
57266
62925
42377
54509
41186
18480
51113
40887
44277
11463
61317
36930
3797
8285
28506
9604
48874
41444
41638
55803
52269
37842
14575
48198
12598
47294
65507
951
27725
56975
17182
48742
45154
37177
53427
46145
40541
20433
20476
61811
7767
42215
53036
3838
36639
4172
684
12179
40816
62932
3904
15705
218
9895
18575
45630
20535
13373
33066
5761
13946
65071
12504
43447
49002
50049
44782
3266
35351
44337
11562
37237
15439
35680
63938
62580
49961
14549
54908
22305
33669
44928
32489
55038
19548
11212
24116
25963
3766
45443
10167
63196
16179
12808
3023
42681
24993
8978
33606
43812
4473
58114
8051
6623
8863
62859
41538
36419
36442
64968
10843
57580
7944
42008
61711
34157
1950
47742
49426
21133
63011
45150
28793
2580
39082
19804
38176
26937
19254
23219
22289
63119
2120
14812
58071
43023
11789
58501
31241
46546
2585
33692
55642
34977
15469
25816
40396
28616
59587
62312
24488
41151
12919
42102
50306
25769
39074
12947
328
5666
40771
56606
57740
19406
23656
30127
12045
2121
1798
17304
26645
12605
52884
34349
19160
41665
6468
42744
38725
49729
9635
38862
59808
7707
62583
24832
50518
47301
47545
62539
57508
32728
29150
23553
49571
22027
116
12494
56054
2563
13113
44219
65399
54502
48912
25504
62944
15806
42100
2147
10008
12530
56422
34631
13663
31485
44421
12364
63231
34640
30135
32784
52429
25904
29313
4369
16716
21489
7548
52121
17758
10043
26035
6809
13921
19113
58551
60289
23450
13012
30943
3051
41546
44204
6552
16378
28140
35726
28499
40021
25086
19935
21358
60622
25770
35773
32338
64417
63303
19608
12083
8519
62734
16917
63353
38766
12379
42730
29240
24504
8808
55526
46610
60782
40668
53071
63832
21428
59024
39023
31032
31812
20389
40507
36572
23034
33895
18434
48813
9592
44980
19886
63979
29529
5691
49030
2365
63387
70
3270
21881
33664
1345
64199
28303
8188
49248
61530
32405
56075
37452
10285
65364
65463
28856
4900
4643
11771
542
11194
64947
35277
24800
30167
36344
6661
50876
31815
9781
40046
29335
12991
58456
6830
18285
35297
5457
13908
15053
32704
27946
33057
19701
19967
8138
55092
7239
55618
57459
60237
16141
12089
59333
39962
2546
1046
61318
56231
41220
38275
31965
37839
3942
48411
61923
9143
55607
5564
898
46986
6691
36093
34901
63582
5137
6950
31972
43306
10491
45129
19152
50494
19828
57707
23221
22196
36239
33474
30074
59799
62668
26644
37647
23220
7215
37932
9393
45946
53974
33401
50480
64378
6864
54372
10839
26024
44053
32923
41595
28549
63150
42686
54924
34548
53432
13159
33500
43351
14831
11554
2297
2005
17493
64468
18702
12035
54593
61562
53346
13176
44883
31463
58623
54822
7645
10352
54773
5065
54058
52533
51572
41529
65093
35942
15620
63558
31873
65005
2775
2636
63063
28282
44925
48457
27934
45969
21501
64835
23416
24697
3811
57540
30422
322
9927
58689
34477
37599
48282
29338
64784
52630
38360
41211
7126
52911
40035
22287
15574
17996
64972
42782
12967
60637
30682
11042
56113
56858
21950
43630
12160
38964
8305
7244
23979
3732
59196
48525
49989
29885
45047
46890
35675
24475
50788
7830
4403
44315
60567
4522
2991
4151
38966
54759
3430
20227
64187
46285
62439
36343
46932
53582
6520
33792
55243
14472
35378
32262
36826
41482
30827
50861
64777
23002
43092
22381
6911
65082
13890
25215
4633
32345
58944
33102
17490
47053
62406
34133
53297
64373
63233
1856
62530
32604
57810
53760
16686
4954
43109
6774
51968
15954
28087
54891
32702
57747
11203
41597
12986
15969
62264
50004
48576
19913
63957
58702
59180
17504
51328
21288
48236
12983
36362
39783
4296
2613
23087
56210
19963
33181
4260
50677
23421
24716
13148
52405
54899
51164
59998
26777
58599
9861
13319
47276
43270
15978
17286
11867
23452
16530
45880
14442
7661
47398
7101
49386
14266
18487
64356
29726
17896
58341
50974
30308
16209
60653
28811
18927
58851
15086
15859
4256
62550
59700
61553
19984
18977
2430
26999
37800
61332
39723
3534
43598
228
9608
53814
60739
28010
13430
28633
63136
35897
57013
25595
16321
3697
59363
62181
21568
45103
56351
5307
63146
3988
13151
64008
38367
62051
33193
11731
5343
18946
13048
62024
47359
1767
43523
17378
20968
45085
45898
31493
28874
2237
44114
29642
53721
32528
3384
50362
4126
14614
51265
58410
43215
41673
52800
36999
31310
45127
47564
20772
39709
19445
28148
34351
2233
16710
12557
1101
2485
41016
60895
49163
19008
62314
37359
16761
4726
7303
44542
42221
62179
47209
54266
35470
23438
13356
41456
57089
41589
13825
296
545
34780
42254
48166
14181
16362
20882
57856
6517
22294
48331
32472
26260
42675
30341
9472
21892
63339
58385
17101
17165
45415
58233
33212
61715
15320
29998
5683
33642
7176
24733
59483
31226
51841
60820
687
40457
18581
59361
21993
4981
49884
60992
44628
13909
63593
1215
11177
32470
38949
41667
46004
63640
14925
55572
13233
7351
21264
8206
36841
19790
57587
2752
45573
695
44145
29625
21155
62862
47117
3358
12255
42774
47126
45404
2823
50039
38262
9310
54492
14623
43659
52260
20096
19556
6272
1577
41099
9621
31578
16431
62777
19339
11966
51948
58267
9620
61015
33441
45260
19149
894
12910
28329
17728
26000
32948
15883
15717
49358
54324
46059
52906
6042
10591
45019
45360
60340
57150
57902
24639
39703
45298
12061
10424
36927
48435
37420
30501
35685
32088
47822
12159
44962
18659
16831
10294
63570
1860
15113
19321
26552
35036
35825
18823
3836
53865
55625
26887
35144
46776
60227
49871
64292
59976
21020
33003
49699
20017
30238
21660
1994
38492
57319
24370
50348
58250
9031
37387
22229
9193
2637
63947
37685
42053
7373
31243
5237
40882
14476
42303
23432
31062
25795
62945
157
13472
35929
51320
24353
50746
18393
33639
18628
31488
39740
30105
59272
399
55138
43790
26861
26684
3075
23268
56550
47172
3119
13445
39733
26955
55557
39720
1707
65264
26963
31692
35982
45041
54530
61137
48758
17635
45755
13382
22601
1659
40883
10717
53670
37140
14588
4482
40149
29952
45000
37872
24431
24134
16446
57746
55810
49650
40661
14174
24978
7086
43384
30479
25888
10517
2254
11600
63062
19576
35006
735
63262
21322
21057
41805
37210
45839
22457
28553
28104
29782
31629
56021
30798
6641
49063
40531
45732
35343
31404
2968
59839
45043
6636
16160
59598
52817
51822
58184
25783
4011
62377
3914
40487
28691
31421
36243
28730
58918
55320
65110
63735
63433
38160
48336
22080
58618
45726
32169
48028
53159
45280
51316
19991
17207
23346
62279
23067
29866
10958
23290
50615
32218
26811
27052
3488
32899
63922
26127
8013
20903
50335
26271
46538
58837
45828
4136
46295
26119
15953
13510
40607
22011
50710
60844
48557
8755
7143
11006
47378
7077
18417
50880
26765
26802
1533
22183
57724
45791
10850
53196
19849
39270
31359
20786
32769
29911
52939
18145
49299
41428
18170
37588
40127
30659
22346
42888
51809
19413
3121
57058
43243
54606
46037
48665
3892
25067
55733
20832
18916
8333
4983
36811
34675
513
22425
25569
23462
23714
46274
28433
53176
63718
3654
47539
55246
41846
28029
46470
17579
33610
14751
59549
54270
61836
25535
64682
2827
10824
15821
3819
54397
12516
63864
25122
55436
52754
52211
49102
63410
14018
35964
28562
60332
25014
54352
16577
40215
65511
10644
5074
7897
24963
44134
20453
9431
37427
48425
16732
40122
55686
53275
57286
12929
2627
32599
46723
32349
59859
46345
61163
30236
5553
56226
19525
37817
29570
46625
23199
13102
13661
35199
5818
40640
34793
41631
28780
18639
64698
15921
30875
34981
39009
34632
11171
31971
7603
40937
15846
65283
22669
41720
13098
6594
62791
2799
38944
40218
27316
6612
51426
40790
12513
49390
26531
6504
50321
15165
6799
56311
1979
42010
2833
13756
42203
64745
64440
49446
15445
1862
60985
13964
950
42729
54937
24946
29879
9704
59457
7315
26494
59961
63934
28123
56413
5271
13981
63056
30517
50066
32858
5467
9406
53471
12692
2058
42936
36037
2673
3630
3477
30176
19407
3103
36510
59721
52881
34320
21671
60042
7190
49355
1378
6800
38268
15840
63675
47635
16322
58591
10939
60394
59703
43880
16531
28788
51886
60116
58012
53070
47132
61698
14048
38326
61515
53456
5217
26199
12895
49134
62477
15940
58580
17116
65218
23856
45454
13311
23030
11714
40833
19204
32686
29192
38338
53000
62050
29078
53997
51103
27144
3188
30695
10660
20184
46615
14334
13728
2989
33906
5752
45860
32372
46840
39036
42801
41924
1963
20619
57758
2590
17129
44069
40114
25286
38989
11490
41001
30986
18539
11040
25693
40742
21342
13135
3296
54276
63004
49724
37423
59279
56832
29354
25351
8665
563
49292
9333
52766
29182
10266
14125
63515
65363
57434
63474
44392
35132
35948
55050
14275
60424
32440
58559
43570
17970
9528
50070
50675
6093
29474
51544
37291
4431
55007
37656
3674
44253
27982
59686
17257
64721
40093
53495
13512
36567
65105
54610
351
2943
52654
35655
30962
49455
41660
57891
15750
41996
5849
16699
40158
55850
36680
44101
45516
25590
49192
47367
15615
59103
61971
46130
7679
53307
52235
16154
12997
7864
25345
51218
16382
34982
4801
16767
58461
29788
11868
41077
53120
36061
31689
38116
58751
54900
33671
33844
652
54975
7169
58014
58168
40616
3179
49211
12599
34208
34847
21575
30437
11694
60437
35658
29278
49569
30593
43703
12476
38811
29990
63931
50193
32453
15449
2763
64964
23194
20026
40845
56451
40488
52250
64613
54373
41323
18510
16283
31581
45464
27383
18367
28711
28075
38842
6478
58333
12233
5449
53926
9023
53666
54548
17079
37829
4817
17406
12307
63173
2805
56287
58594
37806
34946
55250
25654
327
54971
3485
11744
25342
48516
60372
50679
9109
60156
18331
20732
64951
42246
7991
40517
49843
55156
7918
15386
19353
42579
22607
62724
6632
65135
36261
2425
23276
25175
58958
16652
30514
11994
55962
23862
18587
49638
54293
6378
22396
64569
29891
15864
22383
17306
3717
14826
12903
15242
33139
19590
59077
10967
47805
6214
37782
45868
60122
14733
59157
11712
55203
1455
31150
32681
65514
63320
16392
16718
28288
27996
4660
26019
27626
34411
1955
46317
60083
36425
53257
33926
33359
17760
941
44080
23721
13607
60889
62211
48
55229
1255
2221
45760
57223
13329
5177
62167
28723
24660
21379
32183
47311
10378
15671
50349
22787
43256
10799
55198
520
49171
36110
54621
33618
32252
40282
65158
43957
42211
50205
42565
26480
33963
6722
2354
7925
23306
31878
40353
49528
8862
61829
17355
4530
16634
25400
54157
14108
57673
11733
13435
36025
40161
24104
58376
45309
21549
63036
2577
1800
16598
53227
17014
13197
46167
48354
4958
37068
61523
17534
18401
62786
46714
29130
54880
37323
63580
19385
17662
36740
51815
2688
49706
20081
6778
137
24976
27467
7012
22745
31963
55417
35157
59724
3897
33011
5733
4642
6890
50820
31470
17733
41127
714
37849
38122
5274
45742
16090
46715
22795
58850
13812
61138
3926
51221
58142
7352
8430
19212
31477
46173
62176
62616
36584
39612
47921
54420
32892
56319
10733
7636
1970
4802
1131
43595
57823
26150
54529
51783
61922
60316
59136
21695
41365
28275
38921
24527
16011
33375
31884
44932
19482
37885
33808
37759
4858
826
48986
48886
34491
1138
62260
40754
45312
29803
46222
17496
46800
47560
33172
13520
15850
61991
35698
31339
39704
53011
21846
24948
44853
33900
15106
11578
20336
42933
25765
38762
26712
19903
62605
11162
62836
57032
41275
27522
59341
60003
3165
10476
2875
3795
2536
62329
19169
25940
53037
49325
45563
61143
14737
26104
3442
56390
62229
43458
26484
24743
19938
5780
65235
15461
43487
18057
42322
55855
16771
34080
59515
4102
30866
46652
42832
63667
42943
47251
182
36075
26759
3207
42072
20848
40794
53918
15857
57335
51480
8817
32428
37881
12701
57842
40172
63473
35012
9841
1923
23000
27240
10598
8743
8992
56801
34088
58542
65131
27461
44077
61947
14493
64830
43722
39444
34979
18243
43028
13293
28464
11936
45534
63912
11304
8833
62255
21906
7414
10154
46748
26924
6469
10917
61591
19497
34934
5224
11949
4121
47506
37141
3353
64279
33113
34333
4930
54886
7572
24041
64326
3498
22843
27417
51370
46498
28195
5784
27844
1913
17265
42954
63157
30480
17660
17796
6750
7097
52830
22220
7470
56906
9615
35495
39834
48936
6937
39790
58611
32562
5379
38267
26651
2330
58260
408
55473
6648
44183
30368
65062
2405
28623
42152
54949
22035
62718
151
11323
34202
34749
45372
9874
57063
46080
13352
7189
61218
39771
19966
64294
14619
55396
33035
16346
63682
52506
47543
64448
12420
1156
9049
10235
24337
56682
60599
41064
8162
44909
65305
47412
64472
25775
11146
10931
27841
36899
23401
60108
64950
54003
44039
11828
39516
13482
37215
58845
46169
40528
59511
7721
12971
14335
14103
16817
57981
30858
14221
15151
28416
29369
59507
18000
64905
65229
13741
41020
57444
46742
12076
25243
12495
167
2119
27121
20
20304
5251
22888
30713
39278
50469
13634
49126
58477
19240
23503
34989
4548
53825
21858
15068
38698
21234
34291
59151
60064
48130
49361
27743
49051
7205
25938
56375
60848
38204
1384
24689
47737
16406
8177
17414
14400
45387
29073
1786
46998
45353
60633
38214
30527
33381
47505
39675
33763
47025
57054
55281
10040
24059
43020
64844
14456
12195
51216
60443
24170
52131
45911
14611
1499
47207
52738
51089
49597
14313
9854
12902
25980
61634
15986
16868
1184
63789
60469
44192
24358
17614
50602
36048
17234
7902
42386
34932
54292
61453
65484
27252
56690
22540
34341
6310
54119
27603
51238
61233
48042
49447
50667
60299
21215
40171
27156
17731
28114
24806
17460
37615
46940
29977
15334
43514
46373
21196
24970
54688
4356
24307
41079
46651
3544
38010
11619
19523
39323
