62957
52130
25220
54703
56453
27380
53534
29727
47790
58071
34125
36887
47400
17204
23046
52142
18544
42315
63419
10382
46721
29850
62622
33583
28701
37124
46192
18648
44829
17510
23174
11394
38857
41834
61022
52856
12565
2527
30645
10691
20818
20751
11322
3748
6894
30701
42327
25528
10360
12870
7566
40979
48849
54129
18279
11984
38212
60994
36646
4347
44267
39521
56784
3451
8000
31302
11383
29532
13795
21696
30991
53681
24107
6861
7890
52417
55750
8787
37727
479
58450
30812
14118
1499
33985
1524
56781
50744
58670
49079
59458
12620
13426
8645
49620
40796
44903
54388
44194
35046
46999
36193
47333
29764
25698
22126
5654
19255
51760
50025
18647
46842
57866
35433
3789
63473
2666
31386
4570
53593
56894
2000
40386
61927
21904
39438
54038
47470
60083
21004
44586
2465
48452
58724
8041
4336
60269
5647
26766
34619
51243
57127
59242
23975
64254
46259
9311
2552
39330
8253
9407
52
32983
2044
52345
53040
55659
37560
43684
40201
2656
24549
19917
16999
49257
36853
41939
25131
59490
43550
22649
56383
44631
26816
13682
48808
23854
45943
23263
45715
35619
2626
17481
14917
15633
9620
56269
36050
52202
62493
59030
27347
19909
20861
24540
29242
64020
57768
2021
39018
16361
21805
47666
18791
54002
2079
48942
37490
49428
65405
7309
17598
46941
35940
63410
62147
39742
45656
41522
44901
269
26172
2893
34079
52746
31829
37973
49572
21184
11659
29757
24858
37962
35111
14347
64261
56537
10749
40686
52758
2574
2248
38387
55057
40256
6819
55280
27570
35175
31087
17985
21947
33186
51550
13962
58388
48972
26164
43491
24288
5941
12251
53283
11684
23520
24216
20928
47013
48029
32147
35425
62471
34872
35655
3131
59945
4224
41102
48388
41242
22816
12421
39645
17601
9665
12633
45331
28552
2649
1033
45096
5048
15716
27037
45659
2530
37517
23431
222
20217
2073
61822
57269
15251
4378
23102
53608
52155
21165
26083
13224
33204
854
64499
39700
5520
33726
24628
65410
44464
24157
55236
54206
35566
27313
50281
39948
41229
52017
64460
48369
20509
20957
2103
23317
3122
30079
16396
22478
40305
64679
28231
53055
49419
3190
56081
62163
22844
39698
2620
46791
58311
13323
29847
56440
24853
8895
8714
2689
36247
22283
60132
34666
54258
57685
7279
27998
50612
50995
47892
35677
58520
25582
35990
64080
4082
41644
3369
2761
59745
39028
18562
62121
55276
19732
27310
61283
3928
39965
33646
20590
4394
59561
25314
58306
35322
6684
16825
59597
19096
14506
43008
9972
41788
8119
62368
8091
50960
61865
42934
20625
21135
7557
64126
30236
3306
49315
32567
32335
55603
25650
1560
55053
31129
65498
60327
22967
9849
8097
32437
38607
15385
35960
41481
13728
32923
58299
28001
58667
53119
40882
26434
34024
10345
35982
8028
58320
17442
58248
4874
11015
63614
59119
37381
44262
64040
26959
21316
43340
46918
28851
64509
63975
38431
14546
4246
37330
15830
50072
64604
51511
27128
49245
56753
57170
60042
28633
7649
10664
18274
63451
8734
2199
12489
223
20542
2891
49379
22435
43119
61950
32060
65117
24397
8398
24032
47575
2187
41908
38641
56851
5735
13053
44952
36388
45126
42948
51419
41817
39002
8626
22265
30931
17378
19371
19938
4214
52584
7702
18548
7200
61691
35316
33960
58084
38495
23706
34154
43310
54855
36200
34962
16693
49933
33169
17330
21861
27848
22077
27830
11426
18848
15591
51462
56588
13104
57452
21395
61965
50158
5402
64298
2435
9850
42918
57234
32446
50599
26814
18634
36004
7169
19384
59840
18343
48719
38127
36428
50739
7193
43347
11636
13425
35751
59519
21347
12218
39618
45843
48707
40195
46804
28838
41440
19606
47061
14643
7810
26930
10064
60819
57785
11778
61170
63682
34957
61300
61312
6927
7083
11142
4052
36997
45533
23773
37923
53553
32416
64347
15085
34266
24284
3694
48251
38024
29966
14851
2681
23880
56746
6328
7881
27512
65270
8821
40292
9493
24340
12949
39166
55690
58024
47120
6748
30377
22151
26390
22395
10881
42466
13016
61844
2212
8511
5061
8202
50410
27490
27609
17015
65156
2684
25114
16214
54992
26008
30490
18153
35610
14059
38608
47381
11395
51876
51706
46989
65257
29262
59422
20797
41619
48039
47626
58957
22766
42736
7136
42442
7666
46191
61709
39933
60135
37163
1958
1628
224
16486
56765
46660
14800
46706
18983
22611
19742
34877
36044
16363
1076
49659
36539
4412
34196
9188
56423
38484
15030
43635
60981
20474
14255
40881
52080
40175
11335
768
39730
11050
2403
27542
22433
36881
59594
36509
14378
48307
18194
19293
36708
147
54057
41551
52763
53971
60279
46080
14693
44623
16102
49863
42447
10550
45906
7087
3460
29959
52242
29624
10953
26011
19503
5621
25777
9023
33562
28736
16768
54578
21361
15195
14995
15575
4713
64188
28600
57648
49235
32656
11935
10303
9014
39902
51597
32995
34082
42531
1836
41731
4395
61489
53831
22091
19487
17439
52235
18997
3678
44686
56087
41905
48413
57836
42761
51196
28220
1035
24321
15564
53128
46147
32584
59785
10378
59369
31739
40267
39954
33368
59473
63361
18186
56516
47631
35052
52867
13182
6986
8467
44187
8065
57600
30394
58950
32715
56404
60403
57237
55092
47260
44958
64091
36560
2852
48051
59901
41029
42997
39724
7516
5897
39678
2794
2330
39939
14034
1106
11003
18674
27241
46349
1467
34970
13601
16539
10641
58257
50874
13081
36227
19363
62293
23828
50146
48302
44078
57701
43970
47638
22221
11651
44960
15447
59811
54644
12695
21514
17005
35070
35580
28088
44034
39357
65515
50074
6711
42047
57126
42088
9255
55569
42076
41961
17450
33456
21431
62129
59711
13186
8841
21727
30021
44392
36790
45930
17156
65444
56268
6647
33275
17850
1622
61497
12129
21984
31307
13532
56438
33099
55852
43464
3791
57696
32170
61087
36636
27641
18443
9590
32165
42817
9054
65098
2603
9688
32640
22362
17933
65199
352
51448
3739
12690
38058
29158
52776
4873
35669
17451
45393
32389
32948
32219
34591
13446
17144
8349
8128
4406
12378
40952
60265
4221
22750
57098
41646
50283
20501
60771
54120
5017
17940
10692
6512
8484
2636
35869
11213
41670
19893
24418
52726
9524
7976
33135
64449
35033
14648
55688
19889
883
62722
60894
5094
21458
4349
34694
52318
11761
27547
61972
4511
61323
13318
6641
50262
7399
62712
45088
47404
30364
9452
49685
41228
35695
9185
64600
56289
24169
3818
18409
58421
54805
10920
58793
2869
5815
23148
354
24914
1542
2393
16567
34187
26601
26327
63969
64118
18506
48091
16215
19423
28982
21469
62333
49805
34308
141
31011
43844
62707
23894
57820
13581
50100
35126
46604
548
20665
12730
56372
38680
62485
36678
14822
30933
31362
1922
37099
9363
30346
9848
688
22919
7834
47462
53093
22441
29936
39316
14018
40956
12456
48615
50575
60695
46151
10525
32213
21340
56922
47707
46944
3380
9705
12224
11993
52400
28733
9113
19407
52457
31413
40693
42829
3441
35855
23827
57813
60335
6412
65534
34629
56111
54698
55907
41912
1839
64393
39127
54542
5119
57595
9576
10997
12712
21790
57690
49624
11093
60497
48547
38356
38297
29383
58856
53970
30074
8552
24457
39888
1078
4285
12151
26694
49764
43722
61078
13631
15863
43800
50468
49564
29805
28852
43362
6780
30959
62746
8627
30576
50421
64363
16093
18537
6002
47885
40900
11887
23288
95
15778
8531
16679
59700
19659
50423
14585
44837
53906
45741
61181
45875
17454
3406
12767
39254
57887
45468
40941
24212
53069
64226
29214
22034
39054
32540
16044
6324
64108
35045
51596
61502
61970
23580
15831
52411
20225
14920
28174
14922
13232
28286
59971
13638
13239
31764
55976
25997
3792
3262
62361
60088
4545
29670
42657
38369
28930
4959
19832
43331
38929
31452
42798
5814
99
19954
20381
5566
4554
22410
36162
5125
40557
12059
46313
24322
59191
51456
9564
47066
60412
15888
10477
5946
65207
42822
64456
4693
63240
64896
8583
31058
25510
13069
61147
44845
30012
28127
7740
4541
406
8395
54998
16733
58500
45505
60871
14379
53514
18095
42096
56823
41127
64978
57188
31052
3428
15996
42974
4827
26444
10366
39951
18670
22853
27721
8267
53550
312
15991
3942
59705
9753
35477
62241
54408
28300
46967
9013
23041
43516
39665
57639
13840
33343
33088
3937
19605
13057
46971
20627
54772
13052
48415
52084
25822
59956
25277
18680
13547
64958
37685
711
65229
10902
15969
18625
26602
52624
29306
40989
56515
55532
45433
34972
15503
31871
64368
57119
1677
44704
40097
29680
29351
34889
19498
61842
45928
56275
4057
43607
19610
57564
17339
6349
25092
63667
49691
52513
30237
24556
27424
51560
55219
59735
18607
43772
56259
40341
28816
32146
51002
63444
1805
30027
25414
34716
36992
23763
59343
24850
9730
13135
32326
9526
1538
32275
57630
61306
38986
218
28515
54709
37811
41630
13479
38788
57487
34354
41475
3289
49609
31219
36527
7777
7525
47096
8991
32641
50684
11878
20056
12029
49817
24343
38152
54313
35053
22058
45888
190
24100
310
10911
9389
54180
37161
6643
54220
11539
43120
49175
23993
34311
21329
1173
46835
42991
25432
38183
1115
60250
16382
26034
35345
35451
12220
4853
17192
31016
14870
16194
28910
28567
57342
5831
9228
27689
63213
5905
53955
14635
46662
57078
1929
50927
16481
64808
32071
42440
24086
41716
2186
19167
2577
4605
3679
63676
622
11219
14761
37080
12921
10681
9263
42666
22085
4128
15582
64307
3894
55691
56820
1884
52282
60785
58187
32575
19645
42001
39865
48549
60584
40776
43883
58975
13798
9811
59306
24166
60957
14357
7918
22295
7670
4038
58751
2941
4100
35603
1745
37813
3471
52864
45385
17096
58842
10655
4737
58783
48686
47763
47969
29798
51565
34640
30825
6835
56013
13792
5869
2713
57347
51677
35204
26441
618
21747
5228
54340
15829
44583
31807
16906
57641
42029
5314
60905
4051
60303
49999
7763
5352
56291
7899
49489
9782
63171
3391
45281
44386
33446
13679
58180
12441
17622
36420
21520
6039
33509
42306
25246
704
8124
44661
38532
19705
6172
30149
54997
48215
11413
54571
55616
25
11792
14957
37886
59887
64387
45773
41909
2789
2744
31965
48073
38500
42449
11176
12987
19914
10799
12563
10107
27183
54670
46786
55331
58728
5990
6339
44648
42145
45377
60519
35974
1390
28667
4637
7577
14465
62254
39609
26411
16993
35244
1993
8687
18336
65468
18633
59379
7414
55055
31305
43552
22729
47884
12400
38992
29434
54604
18276
35658
20832
21057
12506
181
18778
20411
22141
26876
59089
47813
32587
31834
18421
34559
59547
47500
40338
21040
15404
65504
57670
21704
57756
43427
22500
34473
23016
46027
43303
15567
27751
47173
32542
11860
63498
11432
41556
27549
11096
45403
44366
48858
12182
29365
21860
43267
16453
5433
28829
27239
14017
61924
59624
21440
3074
11036
13754
47882
27960
56033
20147
24200
3725
62776
20461
46405
17544
10751
1773
22198
52855
20231
35517
59602
11832
61092
49591
55977
61499
23111
329
38101
40849
27387
32695
55910
2036
32714
10092
33000
6484
40388
42070
38488
20160
49321
2500
21455
5154
58843
35895
43804
5257
61151
47504
31594
10350
63963
6734
47793
60115
26060
57721
45545
50327
26665
14005
518
8915
18412
33790
27097
32440
30361
10273
1272
18239
2381
756
55942
31699
51334
27971
16322
28788
33686
9969
59375
25883
13176
61185
41584
24144
52432
64155
11745
1022
736
35407
49610
52802
3674
8956
9453
36048
10013
59627
62
29003
12047
60649
35894
38367
24645
48856
49798
64636
42797
24179
47073
62285
48539
9022
48520
46224
47103
55075
19299
35936
8759
49809
27881
65088
60516
29957
58511
1512
54306
4092
40764
49097
4820
2965
32242
39949
8094
42482
632
14322
7081
7788
12124
38312
9571
23365
5949
13037
64684
39892
34136
53084
24025
22460
1559
44640
61054
11883
48855
26318
2058
48927
60065
60911
13775
15277
65015
62946
27853
54283
64199
7725
7669
19856
7583
31839
61516
34950
59541
51953
55860
20759
36927
62556
20244
11252
36932
28891
38354
24774
25992
62482
55753
38704
36986
20593
34209
49584
19464
33027
56355
38181
1392
56845
1601
5480
851
59444
48156
25081
31524
41660
32475
61475
745
5231
32681
18203
32848
42204
18528
43469
740
1898
10737
44390
54381
63504
27210
16955
32098
8169
6645
1375
763
10441
36252
9712
5077
46072
60506
52239
6782
20878
34947
54225
54948
47218
14214
43803
11488
60421
38743
32557
52365
54212
3779
55271
39917
39327
22715
62106
14157
22135
34433
7712
64946
26085
44565
46172
39632
25346
47753
18160
18908
49451
2015
57111
61188
38615
35282
45506
16914
41492
1578
44934
41536
26519
6596
43685
3322
47429
37826
22889
611
54964
32283
46853
35569
16744
3686
1763
39491
26765
9120
62436
19236
40902
25210
59243
22231
50721
27916
36461
1531
28634
34226
800
7306
6825
6843
60309
49554
58145
49356
1650
58160
25076
17149
6599
63298
46039
22275
43936
55643
13268
5330
36773
16241
5489
12462
5238
8483
37548
54529
53466
62306
52100
3458
2658
43719
37927
39812
15386
58218
17810
46678
54858
6488
14485
57455
13223
55517
27794
9582
7656
47014
43265
56192
2475
45069
41802
15070
60490
44306
25299
53979
50858
40335
20573
65473
64866
62510
21212
16550
47180
61595
52051
49537
13850
2953
1335
39448
13486
18891
62988
61919
41915
34768
35596
41705
51984
65055
34059
18356
14505
40337
31609
17884
45226
64500
23007
535
11617
7171
46793
24245
33846
15233
20664
62855
4766
47426
28085
10658
21822
55164
3073
3056
36662
47870
26224
22001
53895
50635
45463
58040
50010
35512
19877
48220
57668
52533
63869
59283
60859
14894
51369
21160
3645
5412
34635
16110
671
1764
8761
61830
25727
30802
32397
65189
26527
33174
59946
11645
5326
51759
9558
54302
18258
43454
59998
63325
2560
12771
56644
24435
22292
25094
11139
19677
59463
45535
3326
45412
64343
26379
25611
55968
34784
42207
37266
27561
40859
38310
38483
48683
31030
10192
47565
3411
6905
10299
46445
43315
44630
32050
29839
27187
42750
42811
31259
3790
52752
4832
21113
4612
40562
11325
31946
2286
7061
19913
9900
57545
48737
41773
18058
10937
15737
28849
54587
51588
12626
10596
42173
52764
14236
32849
6910
65284
9307
53716
44480
45461
26193
40019
22912
63626
24584
51162
20161
43343
30561
20304
31870
21152
32549
46297
45515
65283
25065
58613
63549
58270
1506
25903
22454
63818
7515
29501
40821
58013
3724
17269
25100
11171
19836
10389
41637
50628
31101
50128
5883
877
47529
38056
47255
33642
55387
25874
6853
31261
29465
35563
30512
29194
8153
41459
19886
33652
1461
61139
12567
18769
23258
58387
21523
61743
21414
27861
52981
9706
63366
11988
4188
44917
50607
12974
13361
62410
19834
18263
11743
31845
41433
22571
11136
11164
55957
31196
30296
32374
11688
58162
14142
40177
7624
16578
881
29644
3004
18128
36305
25417
17701
13163
17446
11844
50766
14944
52760
31659
4527
43802
60177
60980
2547
35868
34940
19868
42640
9267
41124
4479
24217
32837
24974
7025
31506
59423
37265
20551
900
51314
7145
20445
6856
65222
45030
65141
64135
57047
48292
32244
46174
63215
42416
14641
26332
17322
15741
4073
40770
29523
21978
31642
48013
21166
20363
22169
55614
22566
17441
52375
37794
39225
56098
32649
4040
20558
16376
18387
30763
52413
52564
24726
50466
21150
17369
25925
59710
40363
46266
34161
38806
41973
3647
27707
34454
31906
6725
8068
13250
2498
33449
18010
64514
56590
5501
39820
45641
38973
32845
2188
58954
54678
55710
56579
18227
28911
20031
26249
10545
28264
25025
48695
53893
12219
17166
41028
14035
15744
45955
10533
56181
21765
19346
44510
60740
28236
64671
64721
5056
18046
23567
3569
8310
8748
34516
61855
57708
51395
17034
21967
38873
29391
14316
38646
16540
51799
18059
54550
34509
11449
43654
44121
16485
47048
32293
51548
22216
28387
27968
24275
45386
23316
41575
21305
38469
52362
16271
8324
65493
39679
51538
49482
49755
12036
30619
30040
361
56456
1798
23859
60670
47803
45948
62551
38738
62958
8060
8667
12088
6173
45106
52207
55800
41352
23495
16692
4682
29712
65355
2112
34234
18802
31805
42903
11074
54049
30962
11681
6419
46719
50217
9680
47197
43293
3015
10933
1336
14962
34157
63102
17956
47608
8724
42836
7606
45911
54227
13470
31999
14548
14439
54801
60676
29992
26788
10076
12176
55636
42178
26502
60946
55874
58804
17938
23995
9196
14178
13297
18335
3929
12214
24329
2561
32622
21613
56808
64750
54556
45063
1992
59928
55493
9439
3874
11455
2779
44543
9832
49644
2818
51713
33355
11053
59843
31434
55801
41396
9577
65208
18415
17470
22364
10534
11066
35354
26488
45200
54385
24568
43909
8122
25825
54490
40754
24301
13580
5777
8794
3390
46658
30740
13610
5547
29455
51746
34504
36518
61975
65119
15981
2676
43448
59839
10604
10645
21851
39788
9691
49265
63641
56172
34237
54907
37616
56331
47034
39439
25566
1735
23765
44015
23014
9627
20681
20367
14332
36962
44166
20431
21306
62822
7107
34353
54468
1600
53857
2719
38675
10027
11764
24692
54899
17026
825
54224
9820
57158
51566
48558
24713
64974
10106
41887
64746
22036
2210
59067
52683
59194
38877
14903
57917
9545
5411
19574
54901
10351
58415
52554
13684
61505
9078
27763
35885
36820
8334
28522
16917
4712
5478
575
51572
50004
13416
8403
11830
3148
55754
48784
21545
31164
2870
40833
9338
30932
50431
62404
45840
33659
13391
61394
27662
45419
49420
43625
6470
38703
6511
57084
43699
46881
36751
61905
30680
22452
39549
38111
36119
37223
64744
47472
10068
33920
58956
30808
18161
53021
45792
11109
37660
4137
37662
16604
8708
50973
21572
15228
35474
41920
37696
39947
199
30115
40011
2715
63719
29601
49974
36448
17482
64014
26159
14939
9946
52275
32608
25234
11285
31172
32018
52223
18969
2853
49205
43868
38935
29192
52123
31569
34611
37447
55624
53809
26852
48125
22407
26154
54437
65366
56153
6807
39990
38275
56418
58835
34303
2879
27182
54867
18616
45139
13050
6660
34449
51028
13238
43744
58767
19532
44559
38425
48402
20863
64714
41498
49686
17801
21172
5780
46143
17133
19588
27117
38165
53557
25291
52222
54311
15952
27184
55600
63241
42833
38875
29311
31731
28225
53313
63654
28737
17807
64281
38609
33913
57208
8247
34801
52435
34379
64836
36613
3736
37915
59904
44767
39042
21093
5700
19999
39595
13411
65225
34604
11550
37400
62487
21088
24500
20223
21900
39606
9085
30213
3286
1749
14966
8597
59230
57501
3255
55805
44174
7361
25398
5998
39008
19723
5481
3966
21743
25336
62629
1596
51517
3858
47101
19508
2802
6679
54914
2809
12122
63078
8843
58742
11216
57983
52615
64797
44057
6117
50336
10522
38075
3568
2470
52570
36255
59750
28217
56921
27498
38903
22385
6239
51287
8255
28744
33217
19295
19710
21048
21958
12625
63095
31735
36018
40436
35752
35489
36392
39034
33125
31604
15401
26437
9790
13582
18847
22139
817
34084
18311
35600
9589
34155
61158
47303
6828
30717
42519
1104
4264
21769
5634
54496
57364
35074
40100
5775
55863
44414
12560
13228
14397
6831
3503
42562
35943
7099
63010
43321
51086
9602
54202
12023
30943
3085
38557
24613
12359
57959
29835
929
32682
14291
12763
21932
14729
33824
57524
46653
31183
42376
52835
35633
2751
21728
21010
58608
3159
7393
6234
39361
26282
44684
49729
15410
34571
11976
48290
55004
39456
55638
1295
57379
56955
13407
31857
28186
651
11382
47555
52427
65071
25560
35577
26709
26706
61482
16133
14682
11173
40832
47087
6256
44098
5945
52935
51142
65226
28839
16891
14553
10572
22861
55526
24156
27744
45417
62440
17896
27284
15338
58322
58163
42205
43609
22767
48685
53656
60996
1931
41733
40015
51367
58168
4954
57736
52575
55339
30386
60263
52716
35432
40420
64089
781
1793
40392
16727
27862
1040
48630
33261
35511
62123
16850
6087
15160
11975
24002
42686
34729
29033
35589
18176
5840
63049
21261
26894
39356
41665
52887
47092
39396
43332
5255
20710
54661
41979
58203
27275
33346
55583
44527
37697
65134
3010
59339
37153
5044
41343
1023
53745
56680
4044
7625
4953
62167
7012
1210
7280
40836
37946
8855
18180
39661
58452
44772
49626
57972
10611
54442
47715
5022
46875
33764
3175
23249
44082
60851
23775
27501
44735
29613
26526
37459
378
41824
6942
53383
36807
47761
59869
15890
18749
46708
54824
40262
47927
3191
48132
1744
2481
36604
47996
29221
7066
45246
39145
35292
26134
22884
36943
34890
65047
44126
24670
58946
18800
54247
10995
39278
58727
1873
33820
41687
59579
31394
1730
50591
11547
55914
28142
58244
16666
43060
20819
9323
34994
42567
51892
43892
26971
38540
41331
45744
41030
56324
35454
14419
15093
10497
61222
41849
5319
58364
28665
54269
6474
39286
36465
62295
8678
33828
29141
16043
15368
17737
54322
53691
65183
60282
36237
49902
1197
30906
16440
54738
50868
52010
30689
62621
33450
30559
52210
43309
43947
38020
40473
33451
12073
515
31062
56310
34892
427
14552
3676
38230
58419
10582
11522
43493
25646
39475
12925
8666
61154
59552
15644
6475
16677
22157
52626
62833
1367
46668
36507
18581
58099
14512
22822
5263
19010
50798
30476
480
16826
59455
24912
36501
34986
35473
64073
52436
13290
29840
2630
27034
31092
4548
52073
15272
62414
29599
33806
10941
3607
44099
34739
14865
14527
14594
25133
15641
12199
57210
7891
25888
61127
30886
51964
50790
47898
57392
4952
17673
59637
54908
62965
8886
59647
1281
12493
40801
5102
19689
50436
7721
19528
6571
31251
14933
53523
16591
36896
55880
28189
58705
41198
16509
28592
13031
20308
16538
55449
54921
4769
39904
56001
17999
43165
20813
58436
10442
12196
8518
55615
31967
30614
23996
8752
64445
53526
38147
1940
4967
35381
1306
33083
29873
4019
13448
32122
2737
5674
20419
45380
2516
64176
12476
24078
61636
53546
61299
33498
26922
41436
13534
51606
27227
58607
21072
42377
23239
7921
60013
33928
36515
34045
54291
26313
54771
49866
39355
52882
26833
64704
36137
17324
3290
30096
50379
33338
44023
673
51921
32850
50397
18008
32497
53215
59973
56119
34391
14174
1784
25715
11643
54851
23748
44879
1834
51620
41571
10989
39714
63618
5190
17618
32229
29933
48463
45290
33199
53155
51083
51613
38828
11997
27947
60266
5810
44654
64800
36725
37610
53842
35237
57534
62026
44455
24870
11776
12523
3860
40046
27586
25619
13130
11772
42198
63754
20369
56915
39744
27356
63651
58161
9261
35930
15423
33049
29453
5923
32684
61021
585
54041
30861
61132
11843
9137
18103
5000
10126
45927
28215
12593
57182
38771
61500
33369
19983
29833
34423
7989
10729
1401
52033
21434
51116
170
14499
24548
64726
14015
627
16286
25615
27682
11652
64146
19638
38418
935
31825
48326
4609
55466
987
7403
13508
11378
61200
3599
9683
49144
33193
29082
30918
24724
45898
36096
36185
44894
7156
13142
23200
25351
11150
58624
50747
21828
50644
10138
45328
1199
26430
11873
55749
58060
58224
31749
49723
4655
8946
4374
25252
40153
39221
39896
23177
11179
12200
45833
40939
24563
45297
11977
47343
45399
36846
64033
19823
29802
21578
39052
64999
59972
61088
25904
906
65010
62438
21590
2503
51402
8526
18199
64713
52380
39970
45553
28666
15315
11695
47082
34020
51884
4918
47620
16018
1039
18308
48224
56829
15910
9938
47699
6636
11346
19343
13369
14233
29888
15948
49042
29273
44009
13533
39429
23787
29075
27664
39206
55388
50426
61245
49241
54104
27828
44387
39433
41888
61159
53911
1583
55685
16590
60408
18431
64735
26705
46593
41647
48197
52260
54348
34140
33857
7300
20016
46159
11060
20441
24927
38322
49001
17250
55994
60178
16260
41278
30625
1294
45720
7738
19562
63757
65275
48783
65505
32917
18151
28391
56340
54809
17484
24570
5728
33807
5129
33330
2200
20996
24735
30016
47501
4401
47259
26723
1483
15047
18727
5764
57629
64770
31523
36271
13921
494
60933
22167
35666
19228
25329
57585
33487
40711
9991
15263
61985
3927
61145
18368
22174
45851
33024
11608
55230
60075
16776
36419
53036
40117
52089
44968
47511
57970
2144
55785
3726
21045
43677
10180
22569
29756
40525
25945
5131
35676
1434
24056
59578
43411
32763
11827
39819
11845
24854
62519
4526
38022
15874
12798
47737
16628
2239
17671
15950
22875
56343
13261
35529
40302
26919
63466
8457
43529
59905
4449
35043
34307
58944
15013
23771
1576
40171
9280
34380
30473
37167
11224
26802
48322
26972
53564
12836
4367
54262
33393
37457
29646
7303
27
61395
19418
21257
15421
57750
30591
6252
22741
22829
5673
30381
59219
63826
31226
28683
27696
54528
22268
63140
64558
30973
4573
35329
54672
47573
48818
20737
64180
1707
24334
12397
54649
33543
46055
59895
19684
53590
65250
26355
62536
22820
42394
32751
52594
23679
36766
36170
65185
27448
16945
61003
4521
41861
14624
39981
10170
4567
40032
63332
8008
347
11855
21855
54643
19078
33176
31789
7783
12774
54233
36213
55462
62607
28010
52393
27323
13765
53766
51971
42351
31105
445
33742
56583
23054
35140
52458
16216
61529
57292
52465
20374
44826
19831
33503
26112
33502
45197
13456
2241
49698
52268
56465
51673
44824
42837
53937
52718
15740
4751
47862
60457
46754
33947
3711
63450
7608
5426
31297
29030
41868
42463
55252
31580
43652
63881
13617
46501
11542
60738
63686
59262
1269
17267
56870
20116
45690
56475
64471
19527
64520
3639
34665
32709
18682
55086
42101
58922
36387
36970
54775
62949
57004
19494
25457
45503
31944
22626
45702
31424
60556
143
62538
57649
19243
7006
63356
23969
29868
1352
60433
29166
5694
37503
17778
6104
11202
31271
36581
63957
35791
21083
29124
53387
7432
63798
55759
5880
34038
48985
