34507
30900
11071
29783
40701
45629
35754
56188
4877
6302
39632
60607
53899
12933
24573
30664
51641
27391
37289
50168
13634
4283
24494
23143
59528
34279
5016
62658
58685
12226
26645
62608
37473
50389
1144
40702
44479
42973
5427
46674
55550
17388
25874
57304
63272
26414
26087
893
64822
29208
60844
20278
40993
50255
56105
3033
58866
51223
46967
57161
29982
1227
27293
10162
52839
29727
31415
4315
3454
46031
64249
23771
20779
58462
40929
61758
51752
41973
7966
39302
34702
51045
52625
13801
7005
40475
60621
32384
41221
17503
30338
52683
44831
13839
17329
42803
29170
47179
22450
15678
41084
9811
56349
277
42496
14388
21450
49275
4176
35028
14571
7661
1355
39251
62360
31483
13520
44826
55878
57907
40976
1241
65043
33681
29102
50884
63947
8664
18182
40778
44810
54406
33292
2773
3957
8145
35895
35697
10630
7731
23665
7874
61995
16346
45232
12514
50122
19895
36209
800
28371
13479
14559
18443
20629
3135
46448
64539
9551
58998
9608
65205
17381
64292
61504
8320
33595
39768
12063
56974
36668
5321
20997
60572
3275
64751
29956
32223
61737
37673
15766
60266
52413
4074
35521
17474
64302
4577
3779
22687
35647
56984
17181
53934
16317
18263
33135
20193
28418
47738
30769
26560
16629
21131
9294
45346
53568
216
54455
23366
39893
2358
37366
41750
23227
42715
62602
35896
23995
25309
59315
8015
41961
25525
42779
55459
47854
55100
57646
57980
33569
55497
18659
42157
40997
61848
8995
4636
37536
37084
65461
8440
14948
30335
13377
27180
29366
24481
33085
48183
4163
19386
36134
10182
33287
13360
20596
46347
34672
32174
21660
48297
55948
542
39460
22891
60567
54194
1405
54261
24033
54221
38508
36098
23225
49975
64885
31970
62597
19839
33769
50920
23073
55277
56965
61813
16236
61194
40601
29598
9550
63318
8586
12364
8034
26294
31783
62043
13671
32367
51929
37111
62965
15971
25510
22958
28881
4769
57219
7933
20757
29927
23095
25331
21391
5476
27898
24006
28225
48367
12252
13293
45023
58855
16614
51190
51759
34415
54851
19598
49168
61567
53301
6768
951
61967
53746
1452
9228
2805
1487
46934
19496
29083
37938
4133
14130
24776
9555
1215
32735
23214
21069
41696
44348
54742
15920
28871
33907
18902
49221
4909
25707
40083
44683
8215
5965
63802
10988
18543
44731
56033
59283
59319
26438
3085
3244
19928
62856
31200
56475
26115
44897
19783
32566
32467
63343
58488
44629
59407
64745
57261
53956
41302
2667
27073
18666
51794
670
5149
30845
6184
24238
18727
42446
22076
15505
33130
58614
47544
31847
47990
49951
4307
64338
32450
2144
43464
38057
25872
48763
25926
22449
57365
17470
1047
7560
37
36541
38697
27189
33316
9219
37068
26927
63954
60881
56025
51150
8872
27653
7395
30780
34629
38289
1736
53758
39118
32270
59968
2071
55318
1745
44393
5095
15564
5322
36686
33142
54793
57968
34951
326
14428
3059
22633
42005
52162
59127
47227
61536
36713
60422
20156
51658
22351
37788
47391
16958
19468
34695
21114
5090
37228
35787
21756
32464
59709
24335
12666
1085
21486
29303
48628
18875
19014
34015
42117
24191
45179
33993
18039
40559
51229
4212
8357
49542
853
37612
38424
36677
29963
61610
1477
30470
55407
34055
64630
5098
51397
62492
52912
28427
6219
51201
14740
452
34343
62457
40255
13840
59199
33759
64750
30076
51379
19243
42644
5468
57776
14803
2461
7029
52921
4850
29393
57089
48328
15830
25683
24226
26347
20216
12218
29365
28091
13659
1369
36085
10101
31475
19536
46973
31973
45131
12738
19020
36768
46704
53155
37240
40141
31839
58721
48294
38812
34950
14535
37728
40365
61708
28959
63307
27737
49568
63884
60747
42882
7916
25536
7779
42105
16715
30946
40244
21527
49329
19757
44572
63296
16769
17785
22674
52368
57610
48497
25716
2454
50162
50355
64406
12035
33197
14527
44816
19209
18255
62866
19027
56612
55411
35151
26584
62567
15798
11993
17957
35415
64479
3438
54405
45293
31980
40017
47184
47647
1343
41787
4050
44315
15895
16856
19382
21543
30984
4526
24578
63199
54443
55067
57430
38593
29952
20258
52439
3923
7660
23634
15572
25742
15115
37011
16594
14783
25195
8343
28476
32445
17752
39348
56262
54069
45598
28381
35279
38545
28709
15489
23094
28245
249
62423
7437
42627
32951
26356
44769
39570
16964
45101
7048
11814
45210
55776
13672
50555
7892
2556
60781
48570
42706
30947
34952
12797
39270
23297
26930
56830
61243
15686
38693
6043
60289
15935
7164
43984
61193
53119
42108
50375
41567
49880
52335
36935
23946
9430
41615
17723
20551
60548
44583
3927
57498
58714
5119
2111
10199
42119
64475
50405
32577
12903
36763
29284
58242
24448
20934
18893
5873
45241
19836
21473
59232
2715
46546
57196
4052
8382
3152
29576
61148
6707
61033
13646
31345
36797
53024
24985
12703
60538
30701
34003
3355
56881
51374
51556
41422
46007
59005
18967
20286
63807
13523
2269
41481
50882
63870
46996
55819
20214
9134
8918
40670
31992
35507
32200
14911
17695
24237
29489
31235
47245
59999
44264
285
56793
40060
19339
42037
7459
37154
49746
50586
2497
34382
34490
7798
2622
36107
64407
9650
47640
38275
39001
53966
23191
22301
45144
17219
19189
31346
40308
21165
27724
60574
32544
44696
62295
23130
62128
13328
60933
48439
65120
46534
35555
21889
60401
42243
60612
34549
39361
8592
46810
55919
29399
63440
1453
65479
61787
2157
29255
59510
44423
1026
50730
10522
28480
63897
1197
62239
4766
25016
53367
26275
13692
37868
41648
61593
51231
35400
10715
3637
44422
64547
37595
16252
25690
15828
19050
35867
22087
48095
44003
64643
27997
14077
17664
34641
47830
58053
61063
41521
915
63561
9951
15162
60684
50898
18677
58531
1601
55273
4987
27645
16389
50261
3020
62620
12541
31831
17002
15257
46771
52124
9658
25181
49853
41833
42421
48104
4333
22546
39212
7035
55837
4875
12913
26893
31389
46419
36999
60273
26413
10487
10733
8188
32707
45815
65301
64922
52701
45047
50356
11785
39985
46155
57224
34543
52988
51219
15563
29397
2794
29831
939
16408
23221
23018
52411
16056
9807
13168
22502
39477
14263
40210
55046
27348
34197
38883
43981
48292
20580
33160
47742
41853
25899
61053
622
2593
9421
1711
27897
26503
6130
5673
21020
23075
43139
59170
34
9389
34593
40743
18325
55475
52733
37588
65443
48799
38464
37388
26385
18930
19232
11038
22917
24779
36474
34863
8271
42494
46670
43969
42650
17707
56550
52999
32675
54790
9286
42818
59831
41890
46447
54694
27916
46257
49289
36987
65077
54934
61533
36290
15313
13132
6347
21718
47494
16586
35803
60468
24545
18478
9266
18703
27730
7195
51483
5591
57545
4346
59269
16129
23766
58788
33115
56636
16569
23914
15388
4956
35214
43740
43622
25493
52110
46997
9312
862
61180
58459
30732
15579
37615
26946
43476
33157
5446
47304
35351
11182
11528
32763
19170
55072
2419
13314
64727
6078
49851
5492
3382
15967
9471
7972
51868
21671
43632
33996
35540
28107
57471
23342
31543
9443
53725
28382
17209
11054
23864
20752
7616
27818
17010
4502
57013
59808
19417
33435
27649
8900
3700
37211
6162
34092
33687
2867
55916
16238
21082
59953
64182
59870
52196
12496
19399
52155
56832
13453
54814
6978
35008
25093
41409
56869
40847
12737
11096
23197
8406
28731
21447
3216
51317
9238
59468
2518
9898
43346
21385
39552
40250
48062
42692
36091
1623
7386
25313
38076
21999
19304
37188
24524
19778
27538
57700
7683
41925
46256
37032
31221
2989
9631
41707
3939
4312
53082
22577
959
64199
26736
3375
24223
55884
5307
44509
50332
1703
58822
11555
60144
42671
62096
37477
194
9017
12675
33093
53335
9224
37293
20137
37936
12102
41364
48752
49364
33178
45291
10832
38344
14172
51110
10786
40341
62632
60935
54370
64174
64645
11010
19456
31857
33641
64936
29409
52148
45746
19443
47221
42206
64150
61685
36279
22572
6158
56670
57963
46618
50754
33223
10376
63397
52427
13022
16080
20029
16577
8285
2304
21494
32427
36787
50468
37520
51712
44408
31410
24614
28034
29970
26988
51003
29248
2846
7525
48782
6883
35156
11951
38396
60869
22518
46627
26876
17207
14456
11660
31351
23612
56816
9354
22775
65305
34161
42375
22694
32291
45447
53129
37037
61759
17996
45154
22816
2633
9891
8807
14432
53058
29205
53536
32481
26223
52230
63795
50015
35922
6722
62107
42301
32207
14739
53123
34800
25180
9325
51933
7100
26583
50083
59086
13125
41439
23174
47673
53259
2938
11326
39491
7484
30127
15225
21588
60608
23813
58651
38026
15484
55217
14407
64051
34384
57752
49061
14567
15559
37929
38727
22488
39976
52736
54860
24129
21457
32593
25980
29000
4457
55125
37563
26617
44712
38305
52145
61832
45972
16342
6155
56710
42365
48868
59138
47926
13127
38927
29683
46798
19196
18342
22707
26843
64718
48011
64129
56947
61807
44158
27326
29388
61537
23473
5904
11872
33010
27482
52125
21146
5191
8156
5262
36597
16179
30423
40279
7180
59179
27093
54780
32287
22438
20661
25583
34924
11380
23351
31083
53080
32716
5990
46515
26328
32517
27991
51780
30293
7681
55830
8400
36119
28588
45414
60578
17299
55429
43342
15514
17581
30570
32972
10015
19957
11270
48310
28915
37707
64503
54185
6393
5712
50739
19995
11675
64667
24552
2647
31952
47122
60868
60424
62693
6201
2262
57480
30409
28604
61230
5951
44086
37093
6345
30807
49238
22628
8584
13292
8579
54528
21689
55842
301
46270
57847
35012
22561
3372
59927
10523
26306
11051
7742
65428
24609
7914
19054
24446
50301
54517
54903
15152
27930
20483
36448
20875
739
30041
55757
62760
36190
38890
13925
13745
13
12590
9513
37333
12670
26682
61373
37144
37449
51160
27017
9041
24715
15926
4546
33539
19684
2729
61362
41670
24808
28286
39580
45760
24871
43078
12147
6193
14974
37314
31231
57891
6324
17168
12791
6541
59539
34921
35532
53541
51856
53269
64516
11501
46905
4152
1232
9120
59342
18550
40380
42664
65207
52238
19004
37923
61340
6822
9983
26284
12677
22614
47062
24230
20116
41377
30182
61205
7677
25168
42262
30673
36840
31986
46462
19294
39108
40608
43226
4233
53470
62482
13100
58923
15947
54242
4354
41641
34983
23757
62067
64686
26155
19515
8403
33639
47641
59106
45477
33000
13158
87
24876
50317
58661
55824
55094
32246
14592
14882
56841
56556
43293
6471
16721
11254
65467
13688
49650
23186
8456
53
28443
25366
46146
40415
52643
48729
42616
36063
58509
48667
37573
10253
30330
35302
42881
43184
1819
41261
3136
4612
48275
58606
9579
27528
56639
16557
23415
25106
15944
53815
9837
59847
35047
26565
7609
50182
22957
38438
27869
19414
27573
7339
30498
57958
34988
50758
53295
25826
30340
25482
33637
22967
44250
30919
19302
61195
51164
10371
3725
53121
28349
3315
50344
49613
61374
19500
51487
24402
14152
37089
50901
46017
6106
53449
52858
36144
58426
4000
46371
25029
20099
63302
48801
45947
22583
10588
57195
26148
42959
37321
4275
51739
1030
55623
38428
19725
28765
29649
2376
4406
56933
27195
48038
62274
18442
59098
24262
47021
12948
46296
14850
23179
52598
42420
35043
23598
30341
3125
47844
49881
54310
34995
23338
8217
18846
7033
24233
19222
34029
1013
60505
53684
36690
3729
15356
30559
2998
22414
5263
14955
59653
47585
19446
30235
12990
19718
44669
1496
49893
11136
27317
37468
65036
39984
33493
53041
64795
20254
37874
53467
52205
27127
64765
41692
8384
30916
40128
56498
5637
64565
40544
17134
47413
54402
49302
37662
15865
33030
30586
43347
24853
64976
42982
52237
56435
51385
33003
56401
20694
4449
60605
49826
6255
62503
1471
48558
8510
48140
5623
37045
17504
53282
28785
32483
3935
2183
52998
61866
9019
35181
37587
59726
31228
2105
40557
53296
56328
22700
15974
49929
27232
63017
27721
36079
57873
3738
14445
29484
10898
38376
61094
24340
12711
9478
16358
26116
35349
12533
19591
57978
54485
50000
28854
11858
57250
5455
47976
13492
4231
5514
64394
3850
26697
35215
19308
60568
21602
4578
30146
42784
4650
39701
18669
13677
59035
25749
7199
40762
2082
58641
9148
12417
44430
24249
13177
30053
40160
52710
3758
14003
59646
32899
50650
27210
3798
9507
35617
56404
57273
2078
41601
35233
40589
2032
35903
34533
41331
54014
28699
50778
51012
30118
11700
29823
37786
58483
44595
56185
29816
39004
23280
46421
31894
7622
33219
13221
53535
44623
61218
53278
33176
22684
52908
54397
11373
38172
3668
56331
44742
62926
13619
57260
40223
34927
17225
17542
637
28851
29059
43492
29721
1881
59376
2220
34148
39551
17341
22420
17700
12766
60478
41939
49192
46523
39712
46423
48113
33451
46082
26938
27370
40666
61090
63270
52706
13945
21304
26094
28794
40583
31669
47932
44786
36530
64436
42226
6556
24868
665
9986
38049
7792
38931
44877
817
17223
64496
36967
65528
54461
269
36557
64998
13699
51203
47783
56333
35022
61208
47183
38937
55548
29877
54589
27618
47785
44671
31100
52861
40048
14105
53866
30649
42760
60690
23545
6047
24724
12043
32705
36654
64585
63156
61477
14030
11188
42846
19365
51710
24749
15527
42829
58963
18327
26308
65034
30788
15657
56586
45710
40114
63454
61783
52557
59825
27284
2018
39541
6627
50539
57223
51494
35605
48835
36153
23661
38648
27934
15581
3071
37751
17252
41561
24430
5316
64094
30756
30930
38696
58336
14779
6703
16325
7310
41341
13850
46886
27005
3590
31378
63809
215
35169
8261
25000
43307
31374
48611
5937
64629
8975
39704
61181
50760
34077
49446
32251
55605
29411
62792
29756
19973
42359
42313
43266
20192
5513
55375
38677
53267
19092
55637
55124
29948
11342
14888
37339
62066
39461
62112
47958
5565
26626
4454
16368
20436
59327
39080
12758
19274
11765
9034
8037
3468
23897
61731
62727
25462
3283
50298
56529
15696
53781
47264
31948
44948
38310
62937
60707
20674
30150
42869
39273
24884
6397
53887
47984
31482
6356
21358
54684
10411
48816
47017
48890
11468
12420
7210
19996
40508
1641
51766
18041
53247
59368
31372
1110
36422
3334
30685
11801
33697
5044
24866
43012
63167
44681
52587
65300
13541
17273
12316
9438
46135
35068
49649
57306
29149
16471
3688
51751
34686
62544
60013
58956
16312
42926
15922
16239
10739
31285
27256
18730
1821
32849
27634
63583
53241
61335
42720
14421
29090
47720
32306
32237
19551
14879
56552
32105
62149
52876
16218
58881
41069
49554
40950
39387
16898
21609
50305
33768
35094
13457
36373
65523
33798
38848
20321
57030
43222
53302
6944
24227
8529
47460
43113
34303
6767
22590
25743
15260
38469
36403
46548
51257
63507
35051
1240
47145
24798
61706
9179
40116
10554
64424
43331
11017
65287
21382
26095
59822
27323
27668
20673
7442
6501
13747
60080
26844
23450
41277
3686
645
723
44094
49384
60270
49540
49069
3155
48289
49470
47969
58226
2589
60461
64104
22949
59963
61601
36750
29689
11888
23364
50886
6838
48620
36415
22567
52387
32506
41845
6528
18779
27989
43321
65442
10808
26520
975
36689
55762
35208
15770
42708
2186
32729
3954
46830
55187
7066
17881
22445
19337
18216
29601
49555
23537
21558
43727
310
19162
29075
58223
13464
46540
49389
1822
36708
53359
45381
23656
30702
31373
51720
36931
58801
56523
48205
13254
55998
11172
17836
59499
23548
65309
5175
35710
65219
21454
26091
5216
16702
28754
13961
50491
13430
14008
8068
23028
56635
26940
24313
49983
54701
63849
51581
61457
63567
432
23586
10110
36043
9403
7485
58558
45300
56375
9774
17446
38965
23783
28659
15560
52813
60122
48537
51891
58539
53131
7244
55184
46476
29815
7285
20461
18368
34044
21748
6530
58990
42233
50536
32822
42506
10694
31213
28482
29700
28388
37054
49037
18803
2050
41888
37989
24648
53174
65046
32429
35049
11168
14007
30571
25497
8057
48429
50270
3371
63696
7058
24848
41843
13007
2841
53216
62767
53515
62695
10227
13658
44319
29595
35630
1920
35902
8150
25169
51255
8897
22882
24100
6696
12324
55136
6949
21357
28611
39020
47933
6094
35110
481
10954
44931
5638
61539
14873
2815
19026
718
29625
43203
47113
32158
16034
50922
16716
10696
34379
38786
59713
6257
43224
28761
12353
3652
20721
62789
22512
20893
35983
57300
27111
28922
8291
45215
7514
42011
43143
17771
33382
50203
32387
36046
38384
2534
13972
8378
22016
25282
18955
29419
60898
53527
41616
18003
34635
16366
57467
32759
39836
57921
17116
61957
27449
29344
53578
16209
25928
34659
43711
46614
39026
44391
37889
6042
48906
15429
57085
3987
39676
1221
47889
33442
44459
59391
12257
49683
12700
17895
39402
9936
31625
13901
48647
8169
57093
32061
40243
46759
53062
15015
26714
45591
59722
49994
56878
29262
10735
3430
48014
23754
57056
28615
51165
43658
51832
53602
51615
8435
62045
2492
21546
18790
53564
62193
26639
51492
13302
5559
47394
43815
32889
32106
57301
20941
44062
17242
48550
10907
10935
22517
32494
31363
29412
22531
59700
14965
46084
50170
62074
64521
44589
37676
56762
13197
42839
39313
43825
60238
43517
29743
55297
213
55387
12584
27884
54224
63144
14017
47961
29637
37892
39507
1191
13139
52206
44637
45553
8973
58750
38608
19138
25043
33186
18040
2898
9448
48391
44027
2845
38736
7577
724
53967
56867
37613
63556
43818
61646
11364
63366
14806
16612
9552
58834
111
30355
40683
52818
28648
38272
2723
14501
64378
3912
14780
38692
50552
37502
62661
53642
56360
10443
62440
47332
43059
43120
17763
54107
1003
12416
2981
54547
42021
30863
8255
39233
54165
49744
10601
37309
64335
63053
5165
41442
11078
49520
25227
33744
16223
47346
15818
39446
3796
53112
22814
32669
43086
20439
6220
14089
55190
8330
39879
29627
54155
60857
1112
49246
20939
36333
54980
15200
43821
64536
18445
2847
4748
24741
46922
27186
11962
44913
15968
59010
32765
13088
19109
64941
1644
15460
22328
10738
18359
63905
48896
49642
2964
13653
49690
27102
16579
36410
44560
31332
59333
17578
12866
42619
41176
47383
65143
57657
34631
14078
46068
38892
11965
48131
19315
56510
32780
27550
57326
40113
8880
25620
18910
33730
41166
29740
44213
7491
20348
4774
33726
35426
33592
49750
26947
56156
49619
57068
15573
52088
38210
26201
19042
2098
48555
16735
44216
48055
24984
19402
61701
33111
59703
5540
37810
18681
57711
18881
46801
62629
11784
58591
24160
4284
4286
20352
24272
50323
44470
11702
31215
32627
17142
46417
53895
31198
54881
22288
30578
38523
45097
12065
45784
20471
22764
26466
696
23577
33332
19300
31207
61347
45334
60507
10261
56882
6459
13830
64587
58633
22320
3087
37386
305
9685
49108
43138
56847
55246
44653
55158
25223
16344
13916
61499
27873
43008
28189
48561
8104
32261
63443
4705
19713
10864
62883
2399
59310
40800
40886
60928
33398
11846
20162
45258
54781
58666
44824
33001
52112
27906
58590
52520
35667
20034
65522
57192
887
34285
27129
3504
32642
47853
51586
42585
1759
48372
10558
62393
64313
13939
49720
9917
45554
33520
36848
9755
6991
41241
64804
55679
1513
41797
50713
21327
60679
40471
34987
58843
62529
22506
28233
26307
52269
15612
5996
61247
3492
36044
26531
30910
28457
44072
60891
41374
20986
20113
48622
4361
57766
50153
47124
24145
40843
20950
32695
30258
15545
14036
11771
37797
32655
52118
65400
41178
56093
29152
63142
63655
56362
41507
25426
16990
32234
45982
60988
20138
60106
51037
30878
32750
4601
25474
38649
19893
63136
49064
63941
15459
20473
38192
17706
32274
56838
20692
56903
14422
35213
55634
48762
12490
18940
13462
63726
818
61085
28207
3621
11308
32711
19100
26689
17046
21477
13719
8724
16157
1092
2698
44502
59417
61176
63327
51083
17335
22856
42901
28309
59832
11221
31472
4087
20013
30287
43944
63294
39742
1213
4184
37872
56114
1387
7757
29374
61110
65129
7487
51603
19692
36375
34985
10999
21226
13664
39467
2022
61974
4396
17535
57918
6793
35531
39731
55755
41023
378
2516
44620
51457
61322
21626
9530
17233
2025
14721
28380
34745
2675
39982
26476
18771
57019
31139
57789
59892
33129
31528
44194
8515
22101
4512
21623
39531
61417
15094
53190
44946
21278
18950
7932
41868
14848
42484
54410
9736
28321
39078
15629
2607
47014
60287
29193
12107
21054
15251
8391
14732
14319
39760
19154
13229
39510
59749
13266
38575
16117
6904
13476
56008
28405
52315
21927
20974
35936
19015
14519
9295
49583
39819
44658
42456
46064
47406
10442
45441
36722
19483
22426
16203
40135
61804
48356
29041
20993
2012
48944
56259
36777
58507
59816
22728
36718
6460
62957
58449
27234
19039
15392
27765
27249
29230
23602
40206
41672
11617
23812
13304
59738
26180
24777
62542
34896
36558
19146
3432
61495
29619
52561
15604
61151
58158
34931
46450
13938
3771
64021
44734
7846
28327
32501
16613
19575
47481
63076
6500
52136
31709
36135
53397
60210
6312
35150
4533
20585
61676
4807
49913
2679
1579
20820
62076
43924
12621
34459
36856
51817
8929
11075
1194
64859
4972
62006
55325
1653
3188
29031
60182
1140
23193
10164
33612
22622
23801
54336
8036
54329
18918
52221
49142
63220
14555
13591
17193
36832
48295
38183
39532
39851
23840
22485
3404
19792
5898
50279
64716
26482
48785
24659
33237
46849
61386
59258
57722
10814
52489
30542
7327
58087
28059
12515
18349
16195
58134
22703
55224
26017
24007
15975
29785
15040
52180
22551
1109
30137
61405
43230
9301
11309
26248
36180
26263
31967
16723
3910
55491
2090
54657
52494
30102
3826
47691
54918
42264
16208
32689
55024
9015
27105
58191
2058
13178
10881
37340
16435
59380
35280
64736
31541
61508
41584
28655
50720
48504
35105
48318
4734
10053
12325
26190
34387
3380
51699
19699
40228
9960
62775
31454
42684
14520
29068
59949
9671
9462
4855
18869
48207
8239
57330
54910
12682
12513
51537
9424
24505
7124
25678
58926
29804
7099
287
24822
12080
55384
38161
5352
14316
25209
51242
1895
53023
43764
37926
9101
7591
51456
28632
195
19186
10277
13604
16472
8112
1553
19260
35707
41078
10427
62892
51968
2265
21265
16836
4639
42167
25196
30856
20264
22778
43337
55645
13495
2767
63737
58240
14304
9476
175
6467
61695
36685
46919
51320
58526
3985
63422
4405
8606
47841
56276
17270
6246
26296
6669
6227
47642
37602
28149
37455
57885
13770
24466
47796
7515
40926
24780
60948
61580
33212
28613
1610
15959
11347
63306
23734
64364
58360
45123
786
33431
10569
63733
61563
29023
44602
38805
44919
29423
9929
30537
21700
46625
24544
50024
45765
15223
37332
37912
34929
15776
58443
35525
54582
51958
9323
29420
6668
11706
2685
23136
29522
62215
18292
36008
6435
13661
32639
47182
9528
21793
22078
54524
22870
6664
57552
51104
30286
32781
17671
11820
35009
46137
14026
42680
60925
46892
46052
18284
5630
9245
34586
60099
64484
17811
7610
36000
61354
63624
44597
46824
9585
38370
7144
4565
9964
594
18944
37679
17980
64759
39963
50287
12351
27874
304
37546
37243
28094
45792
32800
64870
27214
64460
32297
65384
42504
28133
54299
6604
48100
37760
58519
65444
62924
41202
31056
327
48813
55307
6433
36829
50517
55175
28788
64800
29338
48129
57159
5647
782
24427
36472
49558
19615
9127
585
21015
31404
1691
54256
10214
36356
51267
28445
641
16251
56439
18449
53475
6394
35427
37581
57449
31989
33801
65391
34178
42189
39910
30080
13001
16100
35130
3066
14394
38670
1790
12293
12561
58816
30152
60829
4041
18381
46821
65031
59862
12064
45559
4370
18639
24320
29779
31318
61298
55533
6212
63457
42409
6921
46853
21272
19791
60120
14442
47404
20865
35740
39152
24495
41053
13655
51005
5882
33684
11363
26634
65084
25850
35849
50369
47829
17499
10713
33724
50757
15953
24669
44120
16652
55206
6370
54777
63062
48278
56598
15634
54429
62578
51981
44693
23557
44547
26122
12125
12828
22119
7711
37021
48764
49598
5530
31280
20775
20457
34328
49978
42887
42433
54673
47772
17605
43918
28470
25703
55609
17126
8881
10888
46578
41105
25374
43156
44691
3914
55708
37058
60083
39755
37749
4824
12302
32895
25062
46826
25440
8714
26047
54322
52406
2923
61842
65230
21464
42531
16922
33676
56941
17821
39682
9349
11750
9843
65327
24864
48930
56726
14869
30113
4785
36397
63023
42728
34943
46557
31662
53730
13958
50540
63493
27417
41328
18903
36795
65033
40764
18867
52666
46049
7613
56222
52642
3056
53707
16562
39098
20954
8230
13356
38150
36992
557
58941
26415
64341
30476
43958
1811
31110
57767
12637
35522
24993
44191
18207
22784
53518
10414
50209
5004
33067
47010
36211
48626
53637
16158
4726
21992
30350
21965
12848
54534
50646
4264
27283
4151
62461
8437
46688
11043
58883
57890
21998
49732
44401
57493
21080
23960
5441
1499
8721
40689
33380
31529
36083
21625
8809
18805
14034
57441
49753
59937
36762
23070
41030
45
460
22184
20867
14265
20336
16073
5636
21621
19548
12753
38296
4675
7403
60831
40876
54286
37363
11359
8289
13848
60597
29921
22210
51357
49128
31163
17517
36575
11955
60981
33775
198
5208
23062
43300
45073
34932
54969
54332
1437
12274
30239
1544
52181
6560
2573
5224
42611
32132
45592
13026
14308
27780
49482
2384
6115
20403
52083
13434
15261
15617
24294
41661
63887
31020
49545
52597
12535
31896
39766
56646
24673
3412
49449
53572
21947
53824
23987
17507
29735
42307
42283
17011
19344
64451
34205
32507
36187
21674
4414
44871
42100
7346
12747
6721
36353
18557
28414
32045
11318
22869
12966
21675
63701
17879
43687
48973
12369
56353
65263
63111
49587
26467
55647
31827
33418
48330
26434
33465
1293
869
43449
28210
31728
46575
23302
31682
4379
57075
36099
42787
23988
28214
53889
15857
21130
61272
17105
57040
59167
45857
11659
30902
63137
12826
34364
34067
52900
